5 0 425
682 1 282
937 1 443
646 2 16
26 1 699
845 3 212
435 4 648
92 1 153
218 1 342
631 5 204
854 1 937
158 6 341
822 1 829
308 5 658
572 1 755
160 1 879
567 1 683
153 1 919
500 1 312
280 7 298
779 5 941
701 1 292
565 1 500
28 1 308
907 4 631
342 1 7
272 1 650
675 1 786
500 1 28
500 5 720
631 1 675
731 1 409
565 5 755
571 0 512
52 5 679
224 1 500
682 1 912
427 1 280
884 8 374
156 1 919
567 1 403
364 9 28
731 1 342
773 4 631
524 1 937
2 1 565
165 1 572
366 8 374
342 1 790
583 7 298
60 5 461
90 10 574
292 11 189
239 1 6
461 5 755
913 10 887
267 5 161
527 12 290
486 4 486
797 1 596
410 13 567
123 1 153
763 12 888
634 4 565
22 7 298
364 9 648
267 1 92
126 1 714
596 1 403
280 1 723
477 12 546
258 14 483
500 1 3
919 1 626
937 1 800
534 15 865
342 1 648
767 4 239
770 4 239
443 1 342
854 1 443
799 16 122
321 1 342
937 1 92
256 4 256
55 4 648
920 12 811
833 17 54
920 12 541
443 1 648
650 1 153
26 1 929
89 1 658
805 4 805
224 1 937
701 1 538
245 7 370
122 18 777
403 1 941
132 1 648
107 5 701
13 4 92
675 1 731
89 1 312
499 4 443
28 19 749
929 1 409
403 1 572
700 1 648
749 11 461
7 1 461
78 1 448
22 1 567
78 1 755
606 20 510
275 13 769
165 1 538
548 4 239
239 5 409
342 1 720
280 1 409
833 21 673
280 1 49
7 1 78
567 1 26
104 5 925
937 1 89
34 1 749
826 5 670
7 1 572
280 5 565
360 12 527
313 5 161
21 1 342
284 1 596
160 1 675
572 1 707
475 1 334
555 7 298
775 4 409
565 1 342
280 1 342
665 1 572
596 1 272
342 1 624
723 1 739
434 1 929
197 22 874
749 11 280
327 9 403
165 1 500
831 1 78
626 1 929
636 1 648
436 1 931
567 1 28
538 1 165
583 4 583
546 10 887
500 1 475
331 10 762
682 1 6
480 23 511
648 1 118
937 1 28
35 10 887
648 1 723
461 1 624
941 1 707
500 1 183
453 1 443
224 1 153
626 1 639
509 1 282
327 24 817
130 7 715
701 1 60
751 4 567
154 25 817
822 1 937
89 1 596
78 1 509
321 1 3
497 1 342
290 4 567
748 1 272
160 1 107
284 1 126
342 1 228
586 1 284
280 1 931
342 1 434
280 1 675
239 1 427
520 19 749
811 12 55
648 1 624
176 12 751
565 1 89
34 1 436
761 4 648
130 1 448
942 10 762
829 1 7
486 1 321
749 11 426
561 4 161
308 1 624
636 5 256
403 1 337
716 1 280
720 5 500
509 1 443
78 1 586
606 24 473
409 1 835
739 1 92
78 1 919
541 12 811
104 1 78
936 1 509
256 1 403
439 1 567
160 1 92
503 5 886
699 1 749
563 12 346
626 1 701
517 12 36
732 1 443
25 26 254
463 10 762
436 1 3
586 1 937
908 5 925
272 1 779
857 7 298
835 1 78
749 5 596
822 1 854
436 1 156
78 1 837
239 1 658
37 27 868
280 1 491
936 7 715
390 11 607
194 12 458
189 5 490
648 1 409
239 1 89
132 4 132
284 1 567
648 1 443
675 1 280
631 1 22
731 1 937
790 1 919
342 1 248
272 4 272
147 28 661
912 1 682
648 1 486
596 7 298
426 1 572
622 29 239
160 1 403
436 1 161
272 5 284
682 1 370
803 1 648
897 1 204
349 1 342
765 1 321
682 1 313
699 1 89
342 1 827
779 5 92
282 5 779
584 1 567
707 1 835
160 1 700
699 1 631
240 12 848
937 1 118
390 30 279
260 31 74
133 1 937
945 32 878
78 1 524
267 1 572
500 1 224
92 1 49
916 1 342
567 1 396
320 33 763
738 4 409
319 10 762
565 34 661
160 5 658
631 1 682
153 1 321
496 35 625
937 1 769
308 1 342
239 1 800
937 1 509
699 1 491
284 1 854
707 1 931
648 1 156
716 1 49
567 1 34
308 1 89
631 4 631
403 4 403
148 36 117
509 4 509
41 1 707
334 5 436
85 0 517
248 1 239
916 1 937
896 15 55
300 1 572
161 1 308
640 4 567
699 1 308
160 1 601
129 28 285
699 1 675
631 1 937
280 37 314
89 1 786
89 1 565
239 1 204
482 5 844
675 4 675
648 1 132
332 4 27
567 5 115
311 10 762
765 1 624
284 1 403
300 1 443
118 5 183
461 1 631
811 12 470
586 1 342
606 20 885
555 4 292
786 5 707
149 24 899
240 12 527
937 1 731
699 1 937
755 1 765
247 38 726
919 1 790
370 1 682
108 10 762
853 28 661
682 1 403
360 12 920
626 1 829
707 1 321
447 31 479
864 4 538
282 5 800
312 1 321
165 1 153
854 1 337
886 4 409
160 5 22
239 1 707
787 5 925
280 5 806
650 5 682
313 1 919
119 9 567
937 1 749
612 5 34
565 5 443
192 4 192
60 4 60
53 13 565
280 1 582
682 1 204
342 1 126
612 1 596
755 1 160
189 4 292
52 24 178
572 1 256
475 1 308
860 12 440
308 1 34
272 1 699
491 1 699
312 1 682
239 1 308
443 1 60
312 5 749
62 39 511
937 1 187
258 21 685
701 1 321
937 1 567
591 4 409
284 1 707
55 12 360
256 5 636
937 1 403
280 1 403
308 1 567
449 5 443
107 1 272
658 1 936
459 22 315
682 1 701
682 1 732
932 29 280
572 1 312
891 40 84
3 1 699
500 1 165
864 4 937
522 1 925
153 34 661
45 7 679
426 1 701
403 1 409
827 1 682
940 13 49
461 5 60
92 1 797
822 1 682
126 1 342
34 1 831
132 1 567
919 1 935
224 1 682
92 1 342
586 1 409
822 1 626
409 1 583
707 1 682
280 1 321
284 1 312
280 1 790
475 1 572
683 5 267
682 1 786
683 1 224
280 1 204
567 41 410
941 1 409
440 12 888
911 4 239
356 3 190
443 1 935
239 5 228
748 1 601
92 5 941
342 1 618
527 12 360
448 1 239
720 1 648
522 1 748
524 1 49
280 1 624
624 1 929
421 7 370
280 1 78
439 1 321
340 42 189
500 1 658
194 4 439
699 1 500
312 5 409
118 1 342
153 1 443
486 1 854
700 5 123
108 28 285
443 1 267
841 10 762
596 1 565
7 1 937
204 1 321
153 1 475
626 1 436
396 1 342
779 1 931
941 1 931
153 24 52
567 1 27
93 7 429
854 1 60
160 1 787
764 4 524
749 1 509
2 1 436
596 1 342
78 24 715
519 4 153
449 1 342
409 1 648
27 1 342
915 10 762
134 43 269
424 10 762
256 1 239
708 4 631
572 1 104
346 12 874
699 1 929
937 1 282
298 5 715
49 1 626
927 5 628
89 1 572
828 4 648
224 1 409
567 1 126
26 7 715
937 1 831
831 1 342
726 3 247
941 1 78
284 1 461
160 1 497
699 1 7
725 44 633
315 4 443
619 10 762
929 1 583
26 1 919
567 7 261
239 1 256
339 1 342
6 1 104
153 1 626
443 5 565
104 1 239
816 12 322
650 1 239
675 1 153
187 1 929
722 45 673
597 46 167
436 1 716
631 1 500
693 1 648
679 35 427
682 1 421
92 1 284
312 1 7
363 29 567
239 1 897
716 1 567
28 1 800
443 1 92
49 1 524
312 1 732
527 12 763
60 1 409
925 5 427
565 1 658
648 5 396
342 1 160
284 1 427
358 10 762
342 1 675
465 10 762
239 1 421
793 5 189
78 1 256
342 1 524
436 1 475
567 1 682
28 4 28
524 1 701
790 1 443
321 1 153
500 1 218
503 5 898
239 1 28
572 1 427
519 47 119
700 1 342
443 1 779
255 10 100
829 1 312
699 1 224
399 13 239
16 14 763
636 1 280
443 1 572
779 5 282
800 1 707
436 1 699
675 1 699
461 1 49
679 35 434
104 1 272
860 48 112
364 49 73
228 1 567
567 1 565
38 8 884
199 0 277
490 7 298
499 22 315
644 1 829
332 12 563
22 1 707
648 1 879
903 33 409
935 1 682
790 1 224
36 0 197
398 4 443
153 1 22
192 1 334
342 1 421
256 1 919
500 1 749
409 41 843
567 11 304
75 46 777
937 1 644
183 5 118
929 1 567
153 1 700
308 1 280
749 7 370
108 22 545
104 1 567
837 4 837
826 50 286
71 1 572
701 1 624
421 5 683
27 1 596
929 1 822
816 10 887
592 3 144
800 1 626
922 28 661
428 0 845
312 1 28
682 1 937
682 1 522
61 7 298
931 1 937
9 4 631
749 1 675
49 1 92
436 1 342
509 5 822
500 1 118
44 33 443
280 1 699
34 1 929
538 1 937
572 1 937
403 1 586
183 1 748
443 1 699
699 1 453
742 15 55
658 1 272
869 4 567
631 1 312
572 1 161
2 1 312
854 1 822
622 51 661
443 1 665
7 1 272
3 1 755
699 1 648
567 1 636
732 1 658
182 13 567
937 1 292
701 1 160
707 1 308
448 1 786
583 5 228
626 1 339
748 1 443
648 5 682
477 12 892
321 1 822
167 7 298
567 1 120
658 7 298
461 1 321
107 30 811
242 4 242
78 1 797
403 1 321
160 1 572
399 21 661
191 10 762
590 12 848
701 1 749
165 1 648
98 4 282
567 1 732
925 1 337
544 22 860
572 1 786
130 1 409
624 1 596
160 1 153
104 1 342
212 24 473
153 1 403
822 1 321
475 5 937
602 24 473
520 1 854
461 5 596
371 10 96
374 8 38
256 1 596
75 52 205
816 4 567
184 31 923
583 34 661
10 47 817
864 4 648
13 30 848
132 7 298
2 1 509
443 1 937
650 1 308
707 1 748
315 7 298
707 1 779
560 5 111
572 1 218
624 1 475
786 1 78
854 5 327
929 1 716
790 1 280
524 5 486
272 1 486
426 1 409
937 5 929
790 5 936
198 35 298
606 20 277
820 5 107
443 1 300
436 5 723
753 10 380
498 10 762
682 5 790
321 1 683
648 5 567
45 1 443
341 23 706
206 12 55
937 1 104
49 1 409
925 5 731
815 4 567
820 1 312
567 5 925
282 1 312
755 53 677
626 1 748
436 1 626
160 1 644
572 1 308
92 1 436
132 1 272
256 1 567
682 1 316
204 1 699
937 1 941
567 11 305
409 1 107
560 1 682
864 4 567
780 12 477
437 4 648
524 5 716
308 1 863
606 20 212
541 12 545
648 1 426
538 5 60
439 1 443
239 1 912
165 47 817
854 1 153
723 5 187
749 5 565
726 38 571
925 1 41
312 1 486
572 1 919
749 1 658
153 1 239
436 5 586
567 1 701
648 1 601
937 1 280
226 10 887
732 7 715
161 5 267
442 10 762
403 1 396
565 34 685
867 21 673
342 1 267
601 1 800
500 1 522
439 1 409
435 12 437
749 11 218
682 1 308
797 1 567
682 1 107
493 31 420
53 28 285
427 1 707
723 1 280
172 3 592
55 12 541
675 1 3
863 5 596
51 1 89
589 54 535
153 55 409
280 1 596
648 1 806
748 1 409
648 5 218
321 1 524
453 5 707
153 1 107
838 56 606
470 4 224
443 1 272
625 24 496
648 11 761
748 1 665
755 1 78
105 4 565
331 22 888
792 0 369
207 10 762
412 33 565
829 1 337
254 26 25
443 1 803
92 1 769
567 1 829
937 1 723
572 1 45
941 1 829
700 7 370
28 1 707
829 1 800
92 1 822
337 1 596
679 35 92
321 1 701
2 1 308
499 57 285
187 1 334
231 10 762
334 1 187
272 1 104
937 1 916
947 33 49
902 58 777
624 1 648
204 1 308
919 1 26
723 5 644
772 59 904
434 5 239
937 1 919
596 1 89
578 60 864
461 1 280
27 1 292
78 1 436
282 5 92
272 1 707
461 7 298
312 1 822
648 1 245
874 12 780
723 5 436
439 11 194
204 1 919
239 1 491
216 10 762
748 1 755
806 34 685
355 10 762
439 5 396
448 1 308
683 5 51
403 5 60
719 10 762
443 1 829
245 1 312
331 13 153
716 1 937
707 1 403
409 11 886
937 1 284
280 1 34
308 5 786
290 7 178
881 43 269
486 7 298
919 1 475
321 1 92
658 1 461
699 1 644
560 4 560
723 1 829
567 1 78
267 1 443
78 1 396
278 59 154
11 61 751
648 5 224
725 13 409
648 1 123
284 7 715
863 4 863
701 5 820
409 4 409
243 62 328
337 1 443
920 12 69
885 56 606
522 1 937
524 1 854
491 1 239
415 10 887
778 7 298
258 13 280
256 1 3
822 5 919
229 4 567
300 1 2
321 1 284
749 11 732
583 1 572
49 7 298
239 1 835
648 1 596
919 1 71
7 1 3
49 1 337
832 56 606
228 1 682
567 1 941
583 1 937
552 29 153
883 12 193
829 1 524
675 1 272
321 1 631
905 4 409
192 1 937
78 1 427
395 28 661
391 10 762
583 1 449
204 1 675
352 58 711
272 5 342
187 1 648
434 5 45
596 5 854
161 5 313
308 7 715
563 12 240
572 1 49
22 5 648
280 1 648
931 1 436
78 1 104
748 1 509
160 1 567
524 1 650
230 17 54
200 63 507
807 10 762
779 1 748
919 1 829
224 1 26
292 1 2
567 41 694
312 1 596
567 1 218
342 1 758
890 4 567
78 1 835
443 1 908
720 4 720
728 33 409
601 1 937
280 1 292
806 1 596
509 1 749
245 5 717
22 5 658
473 35 514
648 1 292
473 35 212
108 22 315
539 4 292
78 1 49
584 47 847
527 12 848
784 10 762
601 1 500
47 64 867
342 1 769
699 1 448
805 34 661
403 1 426
522 1 92
653 10 762
509 1 92
319 13 239
239 1 586
390 5 482
51 1 567
284 1 648
937 1 49
443 1 717
167 12 906
682 1 748
461 5 524
272 1 280
342 1 21
301 21 285
409 5 312
3 5 71
500 1 161
443 5 292
280 30 906
668 65 53
443 30 315
222 10 754
822 5 308
433 21 685
409 1 829
161 1 342
567 1 797
800 1 937
500 1 156
282 1 648
160 1 937
41 4 41
567 11 290
941 1 524
409 1 941
239 1 22
3 1 443
670 5 826
285 29 443
434 1 443
375 12 543
715 24 198
299 5 793
245 1 567
280 1 28
18 28 661
337 1 284
898 7 298
844 5 482
874 7 298
662 29 503
699 1 334
256 1 732
436 1 321
473 35 602
272 1 89
811 4 631
596 1 682
684 4 648
440 4 153
308 1 448
78 1 937
723 1 334
567 1 820
328 66 243
421 5 71
342 1 732
931 1 321
63 67 167
443 1 748
272 1 153
626 1 822
682 1 267
755 1 342
573 24 715
239 1 572
342 1 409
682 1 133
583 19 749
239 1 284
723 1 342
436 1 153
408 61 751
265 4 443
829 1 284
187 1 272
501 67 55
460 34 661
606 20 838
723 1 596
305 47 847
720 1 937
631 1 829
426 1 403
340 4 292
280 1 160
333 12 288
436 1 7
572 1 748
27 1 89
28 1 699
312 1 509
427 1 321
78 1 393
435 12 901
624 1 822
316 1 49
822 1 312
187 4 187
751 12 865
648 1 436
732 1 280
626 1 78
204 1 682
443 1 160
829 5 342
803 7 370
475 1 126
309 68 381
160 1 228
92 1 443
361 34 285
469 13 239
941 1 239
749 1 707
92 5 748
919 1 624
55 12 883
409 1 475
53 22 361
831 1 829
115 1 618
739 5 682
238 15 167
831 7 715
436 1 538
583 1 409
473 35 934
281 10 887
919 5 34
346 10 887
45 5 92
312 1 755
941 1 342
937 1 337
790 1 342
30 10 762
607 42 390
71 1 919
104 4 104
403 1 486
206 12 440
396 1 749
284 1 829
342 1 239
520 1 941
342 1 582
443 1 3
567 1 931
332 12 193
409 1 572
937 1 583
567 1 582
941 1 937
567 1 522
204 1 280
883 12 458
829 1 675
342 1 56
831 1 153
937 1 427
160 1 831
717 1 567
414 1 342
800 1 312
748 1 779
931 5 522
714 1 342
682 1 51
700 5 349
680 69 479
132 34 661
937 1 453
274 8 93
459 4 443
7 7 715
426 1 596
834 10 887
769 1 49
636 1 342
160 1 183
45 1 572
520 30 865
239 11 569
65 21 673
342 30 527
224 5 28
78 1 71
109 4 292
18 10 762
436 1 439
467 29 443
436 1 749
636 4 636
443 4 443
732 1 854
28 1 937
780 10 887
187 5 723
572 1 500
701 1 941
248 1 572
648 1 228
272 1 292
160 1 475
461 5 27
596 1 675
78 1 239
204 5 749
342 1 650
699 1 837
919 1 409
937 1 334
52 35 500
78 1 337
421 1 682
565 5 449
312 1 3
618 4 618
337 1 829
218 1 22
36 12 288
682 1 639
500 1 280
342 1 339
631 1 280
693 1 567
279 4 292
337 4 337
864 4 403
835 1 707
448 1 436
699 1 3
748 1 342
800 47 847
292 1 707
334 1 409
427 1 436
342 1 204
606 20 514
566 10 887
833 10 762
272 50 847
3 1 78
507 8 200
408 4 567
396 1 153
436 1 272
682 1 28
342 1 538
829 1 941
596 4 596
228 5 583
631 5 701
919 1 786
723 1 919
282 1 626
436 1 298
89 1 475
312 1 92
937 1 565
284 1 919
522 1 443
675 1 631
925 1 78
272 1 931
699 1 755
153 1 790
160 1 248
316 1 682
780 4 854
2 1 153
929 1 239
829 1 448
565 1 701
758 47 847
749 11 755
409 1 3
198 35 679
682 1 520
739 1 26
596 1 426
744 10 762
153 1 161
243 4 567
520 5 49
43 10 762
26 1 312
123 5 700
567 1 572
342 1 837
786 4 786
707 1 153
308 1 403
321 1 218
436 1 337
239 1 941
280 1 443
554 60 861
679 35 282
829 1 567
475 1 682
748 4 748
925 1 500
546 70 546
596 5 863
644 1 78
682 71 573
483 4 280
436 1 92
837 1 78
910 17 633
308 5 22
160 1 916
349 1 78
342 1 931
308 1 755
92 1 648
2 1 829
301 21 661
749 11 820
182 67 816
160 1 755
670 10 887
120 1 443
800 4 800
104 1 626
929 1 941
41 34 661
920 12 780
706 72 341
403 1 567
612 1 648
707 1 123
543 50 817
682 1 584
265 4 239
312 1 583
436 1 28
342 1 403
769 1 800
153 1 675
501 60 922
342 1 716
943 31 762
342 1 224
337 1 436
755 4 755
758 1 115
475 1 272
811 12 590
26 1 342
929 1 500
748 1 282
435 12 874
89 1 436
111 1 567
703 4 160
49 1 631
287 52 205
879 1 2
303 38 190
313 1 34
699 1 393
7 1 648
829 1 699
572 1 648
403 1 342
268 29 567
342 1 820
665 7 679
71 5 683
939 14 567
78 1 228
312 1 245
732 1 596
739 1 78
682 1 829
55 12 206
126 1 827
403 5 631
409 1 837
567 1 242
3 5 161
567 1 204
336 73 567
919 1 313
6 1 682
351 43 269
144 38 592
854 1 78
272 1 755
541 12 590
448 1 596
732 4 732
165 1 342
145 13 800
178 35 679
853 13 239
206 12 527
55 12 811
572 1 409
104 1 572
897 1 682
461 1 699
409 1 56
748 1 520
342 1 414
522 1 509
749 5 863
572 1 156
71 5 300
409 1 284
153 74 124
468 13 280
466 4 448
280 1 500
509 1 2
436 1 572
941 5 779
187 1 937
36 4 631
748 1 937
27 1 648
78 1 631
281 4 567
160 1 919
153 1 565
339 47 817
675 1 111
567 1 436
456 10 849
800 1 280
194 12 545
403 7 298
831 1 941
153 1 829
78 1 156
658 1 682
78 1 803
586 1 153
916 4 916
938 4 565
701 1 426
360 12 543
538 5 631
565 1 153
679 35 941
567 1 334
49 1 682
409 1 699
75 75 455
400 7 298
448 1 153
160 1 443
937 1 161
308 1 937
160 1 449
426 1 699
470 12 811
786 5 308
321 1 820
658 1 409
520 1 648
658 1 89
732 1 89
22 5 308
256 24 370
239 1 755
78 1 22
2 1 682
27 5 461
829 7 715
236 60 922
837 5 682
228 1 337
342 1 787
626 1 800
757 10 762
433 10 762
436 1 393
443 1 403
284 1 500
272 1 436
707 5 453
225 33 503
342 1 916
603 76 861
211 46 122
308 5 854
434 7 679
650 1 538
792 0 94
606 20 297
161 1 596
749 34 685
18 67 167
409 1 272
187 5 337
500 1 427
396 1 572
567 1 919
196 16 122
522 5 427
292 11 390
448 1 409
78 1 409
224 1 165
491 1 280
55 12 763
527 12 288
565 1 682
292 1 937
85 5 343
865 12 848
280 1 427
486 1 27
755 1 427
732 1 224
375 12 888
349 1 596
57 13 800
312 1 89
267 5 51
239 5 583
280 1 461
403 1 312
876 4 153
443 1 693
624 1 308
292 11 482
358 67 167
868 13 239
531 77 473
473 35 606
636 1 682
590 7 52
716 5 524
648 1 339
403 1 308
26 1 78
192 1 829
3 1 572
78 1 936
482 11 691
658 1 520
763 12 543
560 5 879
820 5 631
500 1 284
436 1 49
755 1 239
675 1 443
938 34 285
912 7 370
701 1 596
538 7 298
313 1 682
700 1 312
436 1 308
219 10 887
183 4 183
160 1 929
443 1 931
228 4 228
925 7 679
193 34 661
937 1 45
115 1 758
545 12 527
239 30 167
937 1 321
748 1 292
682 11 527
626 1 153
312 1 925
239 1 160
70 17 733
399 15 167
321 4 321
321 1 453
581 31 223
776 13 272
731 7 52
749 5 434
290 0 694
707 1 239
636 1 567
308 1 161
683 1 648
941 1 308
224 1 596
749 11 520
300 1 312
3 1 448
648 11 55
857 4 239
925 1 342
377 29 239
334 1 937
826 12 874
366 8 38
596 1 161
56 4 56
6 1 731
606 20 845
755 1 929
224 5 749
936 5 837
538 1 650
897 5 51
316 7 261
786 1 699
780 12 920
160 1 282
826 4 239
803 1 937
917 78 512
897 1 443
426 1 321
78 1 475
473 35 277
28 1 161
509 1 797
925 1 929
707 1 282
130 1 34
2 1 7
92 1 321
837 1 699
800 1 409
681 4 567
3 1 919
707 1 755
107 5 820
443 1 436
84 4 937
545 12 860
71 1 937
863 1 538
808 10 762
346 4 239
312 1 282
228 1 78
619 17 785
312 1 765
256 1 78
509 1 312
644 1 334
272 1 644
342 1 644
461 1 436
434 1 682
829 1 500
519 5 10
280 1 583
639 1 567
919 1 396
349 1 937
443 1 925
153 1 755
443 11 459
339 1 707
749 11 228
292 7 298
7 1 829
160 1 583
45 1 500
448 1 829
790 1 403
160 1 822
153 1 925
465 67 590
596 1 707
284 4 284
365 8 598
925 5 409
403 5 765
524 7 298
292 1 321
527 12 55
583 5 239
790 4 790
332 12 703
491 5 596
781 3 571
28 1 436
596 1 644
572 1 89
506 4 631
337 24 715
111 1 648
300 5 339
11 4 567
239 1 436
749 5 935
854 4 854
524 1 224
224 5 624
83 4 567
648 1 749
409 1 334
443 1 123
582 5 49
335 35 463
160 1 339
339 5 683
353 12 470
284 1 3
256 1 272
92 5 925
864 4 396
28 1 312
538 1 312
717 1 682
755 5 60
72 10 762
572 1 396
337 1 675
920 12 545
707 1 648
929 1 3
161 1 321
498 79 87
648 1 748
218 1 280
204 1 565
182 10 762
919 1 292
675 1 312
524 1 78
29 67 874
292 11 85
342 1 165
567 1 929
596 1 27
443 1 897
443 1 421
395 15 167
699 1 596
321 1 797
427 5 522
334 1 682
715 5 298
49 1 272
940 13 941
483 12 66
136 3 356
448 5 919
342 1 658
936 1 596
486 1 443
330 80 364
89 1 239
701 7 298
299 7 298
648 1 693
26 1 224
543 12 470
321 1 239
312 1 313
92 1 118
167 10 887
239 5 92
596 1 520
800 7 679
644 5 337
822 1 92
500 1 665
153 1 396
624 19 749
336 7 261
267 1 89
699 1 723
665 5 567
433 21 661
34 1 409
631 5 648
874 4 648
831 1 937
72 22 874
342 1 912
658 1 854
92 1 403
443 24 749
409 11 643
377 81 167
342 1 448
854 1 239
218 1 624
230 17 785
153 1 665
503 4 409
572 1 675
403 1 520
443 1 509
70 13 567
864 4 631
6 47 817
89 1 308
915 22 167
679 35 925
49 1 748
342 1 453
699 1 204
440 12 206
648 1 716
153 1 3
443 5 239
500 1 648
491 1 292
763 12 470
748 1 280
6 1 443
658 1 204
707 1 313
427 4 427
377 51 661
239 1 723
707 5 89
527 10 887
582 5 239
716 1 27
239 1 337
209 10 762
699 1 565
342 1 572
27 5 280
749 5 716
239 5 925
586 1 675
763 12 406
111 1 675
41 1 153
443 1 245
272 5 682
448 1 453
873 42 844
76 7 298
443 1 601
897 7 370
941 7 679
731 1 6
396 1 443
3 1 284
648 1 941
453 1 321
342 1 349
567 1 92
565 1 22
755 5 443
132 1 280
941 1 567
307 7 298
797 1 500
324 42 240
321 1 439
931 1 409
572 5 682
296 4 89
500 1 925
732 1 78
160 1 560
342 1 497
572 5 78
636 1 624
873 4 292
427 1 272
176 4 565
699 5 572
658 1 567
854 1 682
161 1 937
482 5 343
342 1 71
89 1 280
800 1 41
312 1 308
433 21 673
710 10 574
284 1 748
282 1 443
682 1 636
227 4 443
586 1 723
618 1 937
520 1 748
682 1 755
883 12 55
675 5 682
321 1 682
409 1 658
339 1 92
732 1 342
423 4 239
321 7 298
863 1 27
461 1 648
49 1 765
859 4 409
572 1 749
34 5 612
937 1 798
837 5 439
3 24 370
118 5 720
300 1 342
863 5 321
644 1 567
321 1 567
51 1 675
312 1 349
427 1 572
565 1 829
461 19 749
443 5 755
334 1 342
658 1 403
14 7 298
675 1 421
749 1 572
786 1 572
300 7 370
272 24 715
342 1 300
790 1 308
342 1 245
832 10 928
28 1 500
329 21 685
567 1 7
500 1 204
288 4 239
160 1 790
682 1 769
312 1 854
829 1 723
427 1 284
626 1 675
636 1 749
383 4 567
929 1 723
786 1 436
426 19 749
567 41 688
342 1 22
520 1 443
342 1 941
567 30 543
648 1 130
28 1 403
567 1 835
443 1 409
829 1 409
820 1 280
682 1 827
393 4 393
272 1 790
239 1 500
443 1 879
699 1 256
565 4 565
682 1 92
219 4 443
192 1 239
34 7 715
699 1 443
476 4 583
822 4 822
867 21 661
399 17 252
342 1 822
51 1 831
530 82 719
123 7 370
3 1 342
66 4 239
448 1 648
935 34 685
356 38 136
699 1 403
436 1 130
204 1 648
874 12 811
334 1 567
925 1 748
475 1 409
443 1 765
517 10 887
126 1 21
228 7 298
213 4 567
49 1 572
452 10 762
567 11 229
342 1 45
267 1 342
349 5 700
631 50 364
800 1 204
272 1 187
703 12 874
583 5 443
682 1 111
937 1 820
608 10 762
786 24 715
239 1 699
569 4 239
707 5 732
218 1 500
914 10 887
3 1 648
535 29 631
549 24 496
319 28 661
779 1 342
92 1 596
475 0 539
393 1 78
567 1 707
797 5 786
206 4 239
58 38 154
567 1 282
239 1 2
156 7 715
755 5 538
461 1 500
800 1 648
567 5 665
245 1 443
919 1 239
786 1 658
3 1 409
343 4 292
567 11 681
694 14 543
16 79 646
701 1 509
111 7 370
829 1 49
919 1 187
104 1 682
152 4 282
334 1 648
2 1 572
239 1 596
701 1 280
790 1 648
312 1 204
37 10 762
940 10 762
443 1 51
596 1 800
312 1 27
517 4 239
321 1 658
567 11 213
165 1 820
92 1 675
648 1 3
300 1 153
153 47 119
717 4 717
583 1 648
541 12 920
375 10 887
304 4 567
272 1 2
749 34 661
567 1 183
443 1 650
937 1 803
280 1 337
280 1 567
218 1 800
520 1 409
465 13 153
468 21 685
829 1 272
443 1 707
919 1 78
218 4 218
160 1 161
272 1 509
563 10 887
280 1 2
567 1 639
409 1 626
648 1 497
460 4 460
27 5 755
160 1 313
403 1 439
75 83 87
231 13 800
160 1 3
308 5 160
130 1 436
631 5 443
312 1 22
267 1 829
567 1 165
92 1 522
749 7 679
648 1 204
28 1 342
443 34 285
716 1 443
829 1 565
790 5 699
699 5 682
924 4 409
596 1 239
258 10 762
304 5 681
874 12 483
698 4 280
174 15 541
308 1 936
779 1 648
361 4 565
21 1 626
240 4 280
567 1 308
567 1 779
920 12 703
648 4 648
697 24 496
820 1 78
749 1 567
245 1 572
941 4 941
306 4 475
313 7 370
749 5 132
92 1 739
879 5 560
937 1 618
245 1 682
153 1 854
339 24 370
500 1 937
931 1 929
107 1 436
272 1 520
132 5 749
682 1 665
717 34 661
919 1 436
919 1 160
461 1 284
800 1 321
716 5 749
522 7 679
929 1 272
342 1 439
871 60 530
811 12 332
931 1 682
156 1 308
353 4 312
572 30 406
312 1 475
312 1 2
273 68 381
497 1 648
707 1 280
218 1 439
339 1 596
156 1 937
682 5 26
321 1 572
544 10 762
732 1 919
634 34 661
280 1 89
793 5 390
120 1 342
526 13 567
526 10 762
929 1 675
89 1 682
2 1 648
763 12 883
204 5 854
308 1 707
869 47 817
931 5 282
448 1 929
153 50 847
56 1 409
937 1 448
403 1 28
78 1 822
683 1 583
218 47 364
78 1 60
658 7 715
160 1 256
572 1 644
316 1 342
797 1 92
937 1 827
248 1 919
929 1 89
689 10 762
161 1 707
522 1 500
302 22 860
567 1 716
118 5 693
701 1 312
437 12 901
798 7 261
749 5 648
699 1 800
443 1 520
342 1 123
391 13 224
436 1 126
748 5 92
500 4 500
596 1 806
0 61 409
60 5 631
639 34 661
453 1 89
560 1 239
648 1 707
381 84 746
565 11 938
126 1 239
424 13 800
396 1 308
443 1 280
717 5 349
123 34 661
436 1 829
461 4 461
342 1 107
797 1 919
78 1 41
682 1 3
451 10 762
699 1 739
937 1 908
284 5 272
912 5 313
342 1 60
120 5 720
568 4 312
92 7 679
920 12 288
721 85 939
6 1 239
280 1 486
835 1 409
910 13 239
75 0 754
567 1 439
732 1 321
222 2 777
520 1 339
486 1 342
475 1 443
565 1 699
509 1 34
567 1 111
583 1 683
665 1 342
122 61 751
682 5 648
212 10 928
835 7 261
448 1 797
153 1 2
716 1 436
749 5 403
343 5 482
321 1 929
310 28 661
701 1 443
871 13 941
312 1 396
2 1 292
78 1 831
35 4 239
701 1 256
675 1 919
682 1 491
699 1 436
615 86 764
945 0 425
409 1 596
878 46 945
409 1 650
321 1 583
2 1 339
198 20 139
631 1 153
477 12 780
409 1 520
286 42 938
755 1 3
461 5 403
390 5 793
929 1 749
682 1 929
160 24 298
339 1 520
475 1 78
161 1 89
290 12 860
195 5 213
34 4 34
187 1 572
434 5 92
362 7 298
572 1 596
624 1 567
699 5 790
45 1 6
748 1 427
321 1 931
436 1 409
789 29 280
375 12 857
89 5 707
92 1 929
443 1 132
719 60 442
863 1 648
586 1 572
92 5 931
701 5 107
682 1 731
146 67 763
436 1 837
624 1 919
299 4 292
797 7 715
508 29 49
436 1 22
693 1 937
26 1 272
104 1 800
749 5 582
437 12 914
897 4 897
491 1 308
835 47 847
800 1 524
78 1 929
624 5 312
130 1 342
937 1 584
49 1 937
362 10 887
453 4 453
342 1 308
749 34 864
339 1 937
111 1 443
403 1 272
682 1 448
403 1 443
272 1 919
650 1 224
555 42 844
538 1 748
559 10 887
226 4 631
648 1 267
34 1 313
692 21 661
41 1 239
403 1 682
153 1 820
596 1 739
937 1 863
937 1 639
444 4 292
361 10 887
606 20 198
52 35 567
571 38 781
854 5 596
567 1 650
316 1 626
337 1 500
522 47 847
870 67 890
901 4 648
586 1 829
500 1 769
572 1 2
846 33 239
860 12 545
631 5 538
272 1 937
403 1 491
609 87 855
126 4 126
598 8 365
596 1 337
935 88 208
769 1 342
826 12 240
443 1 339
565 5 239
538 5 443
748 1 239
720 5 183
71 1 500
679 35 522
511 89 62
650 90 342
927 5 304
929 1 925
160 1 732
436 1 565
71 5 3
567 1 123
500 1 800
723 1 500
78 1 648
321 1 648
714 47 847
436 1 107
608 15 206
312 1 153
701 5 648
89 1 284
888 7 52
248 1 436
2 1 749
636 1 699
292 11 343
104 1 731
22 1 701
937 1 133
937 1 300
567 5 316
321 1 409
339 1 239
786 1 919
497 4 497
929 1 26
749 11 27
374 8 366
925 5 92
865 12 346
41 5 908
78 1 126
716 1 312
126 1 572
448 1 572
436 1 786
490 5 85
280 1 165
6 1 153
267 4 267
925 5 56
290 10 887
874 12 920
475 1 224
34 1 786
298 24 198
339 5 879
681 5 304
658 5 160
426 4 426
496 91 598
28 1 272
716 5 486
403 1 699
224 1 650
226 12 811
765 4 765
751 12 167
797 1 280
935 1 919
204 5 765
937 1 312
626 1 749
175 7 298
739 4 739
160 1 300
373 0 741
27 1 707
458 12 920
777 14 869
636 1 707
567 1 560
247 3 172
922 15 167
790 5 682
731 1 104
862 13 567
403 1 854
29 10 762
14 4 648
946 4 280
572 1 567
720 50 847
156 1 699
665 5 427
682 1 822
563 4 280
453 5 822
160 47 327
78 1 941
427 1 239
453 5 919
829 1 631
723 1 78
364 9 312
567 1 879
699 1 34
937 1 522
51 5 879
238 10 762
342 1 700
931 1 707
541 12 470
342 1 631
170 52 205
300 1 707
165 1 312
863 1 312
937 1 912
92 1 500
879 1 648
675 1 78
160 1 89
272 1 786
436 1 239
321 1 292
342 1 27
213 47 817
648 1 192
829 1 937
332 12 55
786 1 831
769 1 572
153 5 576
34 1 648
569 30 826
572 5 192
49 1 941
822 1 675
522 5 931
342 1 133
912 1 239
935 1 443
342 5 272
321 1 78
226 12 437
682 1 500
937 1 7
847 86 198
572 1 520
723 1 929
822 1 409
596 1 509
239 1 931
403 1 3
284 1 78
800 1 829
284 5 682
945 92 656
160 1 409
272 1 714
648 5 701
567 5 133
562 0 821
239 1 272
193 12 883
639 4 639
863 5 749
648 1 49
396 4 396
282 7 679
855 25 370
543 4 567
682 1 897
707 1 22
119 9 648
16 67 415
92 1 339
280 1 658
631 1 342
3 1 339
731 1 272
919 5 156
409 5 239
156 4 156
321 1 732
931 5 427
312 1 520
937 1 524
941 5 800
699 1 701
648 1 779
568 4 153
342 1 337
749 5 701
342 1 509
567 1 475
509 1 524
623 25 296
601 1 342
75 58 711
761 90 342
204 1 500
475 4 475
305 47 119
280 1 748
396 1 409
436 1 448
345 34 661
409 1 34
358 13 239
27 1 486
421 4 421
739 1 443
874 12 703
26 1 648
837 1 436
204 1 443
193 12 332
707 1 572
342 1 92
92 1 658
693 1 443
509 1 160
49 4 49
436 24 715
65 60 719
321 1 941
153 1 732
272 1 337
33 4 567
49 1 854
631 1 308
596 1 308
700 4 700
313 1 312
800 5 282
620 10 762
78 1 308
22 1 218
931 1 239
749 1 284
649 13 239
624 7 298
280 1 475
567 11 869
937 1 126
596 1 248
929 1 644
337 1 339
750 38 144
931 1 280
937 1 854
883 4 854
738 7 298
524 5 461
500 1 631
494 4 239
71 5 421
701 1 28
409 1 426
854 1 409
280 1 60
648 1 89
403 1 292
765 1 49
596 1 636
115 1 937
490 5 189
436 1 624
466 30 375
312 1 491
204 1 224
626 1 919
321 1 707
567 1 700
798 47 847
790 1 572
312 5 624
353 4 576
204 1 312
929 1 509
55 12 860
596 1 786
409 1 509
658 4 658
811 12 478
572 1 3
239 1 919
732 1 409
382 50 817
644 1 572
393 1 7
132 1 443
803 1 567
239 4 239
439 1 509
282 5 931
937 4 937
596 1 92
520 1 596
936 5 790
284 1 239
459 5 499
280 1 820
211 65 777
519 7 52
648 5 272
720 1 342
500 1 41
820 1 567
624 1 765
147 13 239
499 22 545
731 1 626
835 1 342
682 1 565
194 12 920
75 83 381
434 4 434
699 1 26
596 1 497
272 1 500
78 1 612
34 1 448
239 7 429
443 1 720
78 1 925
160 1 316
187 5 192
204 1 439
346 12 920
675 1 596
89 1 699
919 1 337
612 5 448
908 7 52
763 10 887
436 1 509
342 1 929
567 1 631
707 1 937
748 1 572
837 1 567
331 60 179
636 1 596
675 1 803
280 1 572
443 1 49
626 1 21
41 7 52
60 5 403
256 1 342
717 1 443
572 1 272
941 1 49
541 7 298
650 1 337
765 5 204
71 4 71
165 1 829
567 1 245
78 1 500
758 1 342
443 1 500
3 5 267
782 4 239
500 1 755
348 21 864
857 12 466
327 9 854
7 1 626
650 7 715
464 10 887
749 1 2
292 1 919
937 1 497
895 10 762
560 1 567
624 1 272
224 1 699
919 1 284
572 1 245
160 1 396
27 1 443
707 1 509
758 1 618
797 5 707
522 1 596
682 1 22
723 1 312
675 1 626
644 1 648
854 1 312
501 60 150
648 1 126
435 12 877
648 1 153
675 1 586
870 13 567
941 1 2
937 7 261
797 1 78
282 1 509
349 1 312
280 1 822
239 5 49
919 5 448
439 5 790
567 1 912
648 1 256
755 7 298
883 12 240
153 1 272
10 5 519
300 1 161
296 12 874
874 12 826
280 1 218
360 4 89
596 1 699
567 1 449
403 5 204
292 11 844
707 1 41
449 47 555
51 34 661
650 1 409
854 1 538
491 5 863
758 4 758
816 48 213
929 4 929
822 1 567
509 1 572
937 1 631
937 57 661
648 1 161
165 4 165
396 1 312
848 7 679
253 21 673
509 24 715
342 1 835
800 1 601
929 1 337
160 1 797
204 1 107
786 1 854
123 1 567
675 1 700
337 1 239
612 1 436
675 1 572
75 46 122
240 12 440
89 1 92
567 1 803
327 9 308
683 7 370
732 1 937
272 1 491
618 1 342
312 1 699
596 5 749
500 11 155
723 1 443
280 1 312
937 1 596
123 1 342
699 1 786
330 4 443
624 1 748
409 1 156
45 47 817
682 1 538
436 1 522
3 1 2
590 4 153
874 12 527
71 1 648
626 1 572
919 1 509
769 1 92
500 1 22
937 1 675
403 1 78
800 1 78
2 1 626
92 1 601
126 7 261
749 1 22
650 1 937
224 1 280
567 1 409
29 13 567
653 13 239
312 1 658
937 1 239
165 1 409
572 1 126
640 7 52
864 4 443
693 1 500
829 1 586
520 1 92
749 1 636
183 1 342
421 1 443
409 30 763
321 1 919
342 1 256
334 1 644
41 1 500
49 1 204
160 1 803
337 1 755
454 21 285
500 1 403
337 1 699
510 56 606
463 93 378
426 1 937
300 5 683
436 1 312
500 1 779
614 10 762
855 3 154
204 1 342
919 1 732
596 1 941
272 1 321
297 56 606
714 1 436
865 4 520
455 29 567
538 1 829
567 1 863
572 1 165
845 56 606
333 12 590
919 1 644
449 1 280
803 4 803
290 12 406
596 1 929
224 0 366
470 12 290
939 13 937
769 1 349
634 12 55
308 1 919
7 1 2
509 1 284
231 27 841
907 10 887
874 50 73
436 1 583
860 12 527
682 1 835
644 5 723
436 1 453
248 5 439
292 19 749
107 1 409
500 1 919
89 1 256
436 1 648
737 15 167
929 1 2
443 1 929
571 3 726
312 1 26
731 5 925
443 1 28
343 7 298
486 5 524
538 1 436
239 1 648
256 1 572
803 5 300
396 5 248
396 1 284
648 1 165
272 1 7
342 1 798
931 1 567
863 1 308
679 50 847
22 1 565
891 13 937
602 71 249
308 1 436
707 1 28
256 1 701
342 1 334
694 10 762
500 1 596
937 1 218
693 1 427
757 13 800
937 94 154
609 10 762
929 1 854
189 5 299
239 5 582
284 1 153
321 1 2
749 11 854
541 10 887
590 12 541
239 1 41
929 1 334
572 1 426
665 4 665
822 5 509
700 1 675
567 11 927
565 1 648
60 1 27
321 1 486
88 21 661
342 1 500
509 1 707
798 1 648
682 5 699
204 7 298
731 1 675
249 95 602
153 1 937
153 1 509
541 50 307
89 1 403
590 12 333
797 1 572
919 24 715
239 53 677
500 1 71
443 1 716
538 1 863
116 10 762
800 1 218
272 1 427
278 51 864
443 1 396
239 1 321
941 1 701
931 5 800
412 96 412
545 12 541
353 10 887
239 1 153
280 1 701
292 1 500
722 10 100
749 5 308
582 88 302
612 4 612
282 1 500
153 1 78
800 1 28
811 12 226
436 1 701
567 1 491
749 1 822
524 1 491
322 10 887
337 1 929
113 29 272
443 1 567
769 1 567
749 1 786
707 1 161
833 17 785
232 15 55
256 1 153
829 1 165
648 1 92
878 92 656
596 1 60
648 5 22
153 1 583
342 1 436
497 1 339
234 10 887
920 12 590
567 1 443
119 9 165
349 1 443
797 1 748
929 1 403
520 1 572
639 1 682
699 1 461
883 12 545
565 30 361
280 5 239
864 4 92
239 34 661
763 42 503
443 1 582
153 1 204
920 12 194
3 1 500
448 1 89
755 1 524
538 1 280
78 1 739
45 1 567
779 1 500
937 1 339
868 93 37
28 1 321
860 12 290
339 1 572
342 1 153
280 1 863
602 3 934
280 5 426
583 1 342
874 12 883
800 1 92
748 1 49
448 1 156
60 5 755
647 10 574
596 1 443
272 1 443
497 1 682
443 1 22
929 1 626
443 1 2
239 19 749
158 10 762
153 1 586
535 59 154
49 1 426
931 4 931
288 12 333
675 1 204
284 1 749
208 22 935
491 5 486
596 1 631
153 1 650
436 1 224
615 4 524
879 47 817
110 28 661
327 9 160
161 1 443
864 4 701
567 1 187
648 1 111
929 1 475
454 10 762
626 1 443
22 1 280
160 1 731
334 1 586
22 1 312
854 1 292
396 1 919
27 1 701
565 5 280
701 1 572
352 52 205
484 42 85
723 1 682
427 1 49
284 1 334
515 43 269
428 0 102
831 1 707
755 5 461
596 5 486
282 1 567
631 1 572
92 1 245
682 5 337
436 1 349
937 5 835
800 1 929
791 10 762
337 1 280
28 1 682
779 1 443
375 4 448
800 1 49
409 1 403
475 1 321
499 5 538
786 1 312
21 7 261
280 1 682
583 1 500
156 1 78
912 1 342
693 1 342
76 4 239
277 56 606
130 5 919
342 1 34
765 1 280
602 0 579
342 1 748
596 1 7
160 1 491
931 1 748
936 1 78
919 1 403
192 5 187
596 1 439
646 10 100
321 5 491
229 5 213
280 1 631
899 35 143
89 1 267
198 35 370
92 1 701
78 1 596
443 1 449
464 4 631
586 1 292
57 10 762
89 1 929
763 12 920
28 1 239
682 1 475
755 34 285
204 1 937
204 1 49
188 4 648
49 1 829
836 4 282
92 1 572
908 1 342
822 1 699
435 12 69
648 1 239
22 1 342
436 1 403
936 1 572
937 1 192
714 1 937
648 1 104
567 1 937
153 1 699
436 1 71
49 50 817
239 1 748
586 7 715
280 34 685
567 1 583
720 5 120
153 1 123
26 1 567
183 1 49
443 7 298
368 35 504
688 14 888
277 20 46
324 4 280
879 1 342
160 1 272
682 1 292
439 1 648
560 1 443
716 1 929
78 1 280
648 1 583
626 1 648
2 1 403
204 1 409
555 4 443
937 1 78
337 1 312
321 1 538
426 1 443
888 12 440
342 1 636
390 4 292
292 11 490
27 1 863
562 0 159
28 1 280
582 88 544
6 1 92
572 5 739
432 10 887
448 1 707
586 1 337
339 1 497
586 1 403
800 1 572
92 1 509
639 1 239
280 1 22
204 5 461
272 1 256
45 5 434
2 4 2
763 7 298
53 22 176
284 1 731
49 1 316
931 1 624
749 1 396
308 1 596
110 15 167
567 1 800
646 29 409
434 1 500
187 1 829
567 5 41
194 7 715
606 20 832
871 10 762
486 5 596
716 1 239
239 1 567
707 5 797
944 10 762
739 1 272
915 21 661
902 52 205
665 5 601
283 13 409
89 1 448
538 5 755
601 4 601
153 1 448
312 1 60
567 11 628
458 10 887
937 94 855
130 1 699
649 10 762
89 1 822
547 86 847
321 1 426
929 1 448
937 1 693
136 38 750
160 1 854
648 1 280
805 1 567
586 1 239
443 5 228
107 1 755
567 1 520
509 1 342
272 1 572
701 5 631
308 1 475
409 7 298
426 1 60
937 1 3
364 9 820
198 56 606
160 1 626
161 1 572
275 10 762
342 1 449
239 5 434
755 1 699
699 1 49
161 1 28
49 1 461
807 22 290
510 24 473
675 1 822
682 90 342
584 7 261
292 11 539
396 5 837
790 1 153
524 1 280
701 4 701
639 47 847
538 4 538
240 12 883
892 4 239
349 1 572
248 1 596
239 1 854
312 1 693
316 47 847
409 1 224
84 2 891
665 7 52
500 1 89
443 1 71
153 1 658
739 1 699
675 1 749
66 10 887
567 1 284
500 1 601
284 1 790
524 1 500
280 1 941
586 1 500
509 1 937
218 1 937
829 1 831
337 1 626
161 1 500
567 1 731
89 1 27
925 5 908
153 1 6
321 1 436
443 1 349
748 1 567
748 1 682
544 28 661
192 1 707
524 1 567
769 1 153
682 97 570
342 1 583
206 4 292
631 7 298
509 5 790
937 1 650
439 1 204
239 1 78
822 1 89
830 10 762
500 1 624
443 1 439
854 1 929
330 7 298
16 13 409
308 1 524
631 1 160
649 28 661
675 7 715
342 1 779
650 1 443
800 88 301
183 1 500
49 19 749
567 4 567
198 35 715
596 5 524
280 1 829
406 4 572
153 1 28
553 13 567
650 1 919
503 7 298
396 1 567
41 1 800
572 1 936
829 1 2
908 1 567
218 1 443
92 1 624
165 34 568
538 1 682
153 1 707
567 1 805
161 1 567
342 50 847
675 1 337
78 1 123
256 1 89
436 4 436
443 1 284
256 1 929
679 24 178
234 7 715
294 33 624
665 1 748
312 1 500
78 1 267
860 12 55
812 43 269
443 11 545
755 1 272
450 13 800
937 1 156
396 1 160
107 1 153
427 1 443
403 5 461
478 50 14
153 1 256
665 1 682
132 5 239
829 1 919
509 1 829
92 5 45
22 1 403
573 4 26
500 1 49
272 1 22
288 12 920
343 5 85
312 24 298
936 4 936
612 5 919
439 4 439
45 1 342
443 11 499
325 10 762
491 5 749
751 12 176
321 5 308
442 82 530
707 4 707
797 1 822
806 4 806
648 1 636
538 1 342
860 12 332
342 1 161
117 4 239
392 10 762
567 1 192
648 1 349
280 1 509
165 1 284
644 1 929
567 1 313
937 1 183
565 7 298
509 1 436
375 12 920
576 7 52
436 1 248
78 1 626
409 11 503
582 4 582
829 1 707
748 1 631
829 1 626
337 5 187
749 11 312
537 13 409
497 1 596
701 1 239
884 8 366
284 1 321
60 1 78
280 1 3
229 47 817
532 4 239
790 1 448
644 1 272
406 12 290
280 1 765
318 98 140
779 1 572
628 0 762
520 1 403
527 7 715
699 1 716
624 1 218
854 1 284
240 12 563
714 1 626
925 5 242
905 7 298
443 1 165
312 1 700
436 1 427
822 5 453
409 1 165
89 1 453
800 1 183
624 1 701
403 1 863
111 47 817
298 35 298
381 66 945
393 1 919
664 42 440
596 1 349
322 12 816
240 12 874
937 1 748
92 1 111
596 1 156
786 1 34
755 1 682
280 1 224
682 1 280
877 10 887
648 1 765
626 1 342
478 4 648
829 5 929
648 1 612
682 5 675
631 30 541
34 5 919
153 1 284
884 8 38
618 1 567
931 5 92
806 1 443
110 13 239
396 1 658
321 1 22
516 4 648
658 1 443
929 1 92
409 1 78
841 13 800
27 34 685
567 1 118
803 1 78
624 1 153
820 1 403
228 19 749
565 1 2
289 29 583
682 24 715
648 1 644
813 67 312
679 24 198
707 1 427
618 1 115
682 1 497
160 1 716
596 1 822
572 1 123
208 22 906
701 1 682
567 1 596
631 5 60
631 1 732
925 1 522
16 10 762
484 10 887
22 1 153
284 1 89
148 10 762
755 5 565
648 7 715
272 1 586
308 5 822
931 1 443
829 1 912
300 1 648
393 1 567
28 1 153
308 1 92
337 1 228
339 4 339
342 1 187
716 5 596
737 21 661
409 11 898
572 1 797
925 1 707
731 1 153
161 1 436
107 1 204
89 1 650
461 1 78
364 24 817
111 5 560
755 1 800
256 1 648
448 1 500
475 1 699
567 5 908
312 1 284
596 1 448
7 1 393
236 60 910
230 21 673
699 1 153
468 15 240
879 1 682
648 1 522
792 0 821
732 1 631
582 1 443
51 4 51
292 1 27
863 1 755
682 5 272
941 1 153
78 1 644
312 1 572
929 1 572
749 11 28
342 1 797
912 1 937
682 1 123
682 1 393
2 1 854
284 1 586
218 1 572
334 1 239
559 7 715
567 1 160
239 1 339
648 1 439
790 99 389
682 1 586
220 10 100
837 1 648
130 1 596
227 10 887
693 1 312
835 5 937
854 1 820
342 1 26
3 1 300
879 5 683
437 10 887
809 4 409
69 10 887
624 53 677
236 10 762
751 7 52
707 1 829
27 1 312
567 1 769
403 1 218
803 1 682
701 1 78
133 5 567
403 1 500
448 1 682
153 1 520
937 1 601
272 1 107
844 5 539
827 1 126
919 1 675
920 12 763
648 5 650
49 1 769
256 1 443
284 1 92
769 1 682
596 5 204
567 5 153
550 31 257
714 4 714
920 12 466
17 59 656
863 1 937
647 4 292
342 1 831
560 47 817
596 1 522
748 1 522
707 1 448
443 5 538
439 5 248
874 12 888
786 5 822
806 53 677
342 1 805
580 4 648
701 1 248
863 5 854
583 1 699
153 1 929
820 1 165
445 76 861
920 12 874
565 1 707
559 4 648
813 13 624
449 1 60
269 10 479
707 1 409
822 1 648
755 50 555
650 1 524
937 1 308
306 7 261
439 7 715
393 1 436
790 1 596
941 1 500
312 1 280
208 28 864
345 7 298
925 5 787
3 1 929
107 19 749
209 13 538
342 1 854
509 5 248
805 1 675
596 1 312
7 1 565
687 4 443
432 4 648
272 1 28
7 1 596
500 1 586
189 11 407
224 5 648
434 5 749
156 1 436
919 1 524
133 1 342
683 5 339
626 1 2
239 1 192
878 4 567
6 1 937
779 1 272
542 26 262
282 4 282
701 1 396
267 1 78
381 76 861
509 1 153
475 1 342
617 100 590
228 34 285
187 5 644
228 1 280
763 12 206
218 5 648
567 1 790
567 1 132
439 1 403
936 5 682
45 5 925
546 4 292
648 1 639
631 19 749
584 1 682
626 1 682
409 1 443
43 21 661
596 1 192
925 4 925
161 1 648
6 1 567
500 1 748
92 1 2
683 5 71
397 4 624
701 1 707
755 1 919
92 5 434
300 1 92
936 1 321
280 1 800
500 1 908
22 1 749
658 1 707
246 10 887
78 1 520
26 1 443
683 1 567
414 7 52
793 4 292
797 1 321
701 1 565
827 1 342
596 1 723
790 1 567
443 41 108
844 5 793
342 1 282
586 1 443
349 1 436
749 5 449
340 10 887
239 1 448
312 1 829
699 1 538
228 1 648
749 5 92
648 1 475
749 1 26
624 1 443
863 1 486
682 1 941
502 4 409
601 5 665
624 1 937
118 7 52
565 1 765
572 1 300
239 1 104
34 1 567
393 7 715
248 5 790
519 5 229
603 61 751
342 1 218
576 1 749
78 1 786
3 4 3
893 4 239
648 1 187
941 1 321
119 9 576
938 34 661
435 10 887
242 1 342
143 33 409
342 1 612
648 7 298
302 10 762
427 1 500
658 5 308
345 5 112
165 1 321
28 1 2
239 1 342
648 1 572
342 1 111
448 1 937
342 4 342
337 1 49
239 1 631
300 4 300
683 1 682
475 1 596
239 1 644
427 47 847
500 1 797
631 1 49
443 1 586
272 1 567
486 1 312
409 5 925
475 1 919
342 1 786
631 50 330
153 1 312
118 1 937
284 1 723
27 30 332
648 1 683
522 4 522
567 1 248
288 10 887
879 4 879
123 5 256
34 1 308
888 4 567
929 1 682
925 1 272
453 1 436
49 5 239
829 1 835
122 4 567
908 1 748
699 1 439
524 1 443
174 10 762
272 1 658
717 5 700
500 1 396
509 1 239
160 1 582
748 1 284
868 10 762
748 1 908
153 1 500
500 1 699
830 13 624
871 44 633
338 2 871
11 42 304
765 1 342
396 1 500
334 1 443
701 1 524
560 7 370
232 10 762
689 15 296
524 4 524
749 11 624
822 1 34
497 5 300
497 5 2
919 4 919
582 1 749
208 10 762
683 1 92
350 61 826
755 1 748
572 1 443
312 1 300
160 1 49
744 13 567
443 1 683
436 1 800
470 12 874
443 1 626
192 7 715
416 10 762
224 1 675
2 1 879
312 1 337
919 1 248
567 5 648
650 1 272
749 1 626
848 12 590
443 1 732
65 10 762
112 4 583
284 1 572
403 1 280
342 1 475
749 1 699
509 1 919
161 1 280
89 24 370
6 1 272
929 1 153
436 1 675
403 1 224
829 1 538
403 1 284
224 4 224
461 1 7
187 1 919
658 1 500
568 4 165
174 28 864
28 1 443
301 10 762
925 1 596
765 5 403
189 5 343
342 90 682
658 1 321
267 1 567
28 1 693
321 1 837
790 5 439
312 1 218
572 1 626
936 1 308
426 1 272
3 1 153
153 41 465
596 1 26
938 5 569
126 47 847
45 4 45
337 1 567
675 1 224
618 1 829
683 47 817
682 5 650
648 1 565
714 1 126
553 10 762
699 1 658
292 11 793
229 5 10
822 1 572
527 12 206
133 47 817
348 13 631
935 7 298
403 1 107
592 38 172
220 45 661
342 1 937
71 1 929
3 1 682
153 1 731
619 17 54
648 5 28
60 1 596
409 1 396
280 1 228
349 1 648
586 1 272
349 1 2
312 5 224
461 5 204
426 1 280
239 1 650
572 1 342
230 22 415
392 13 567
517 4 292
239 5 443
509 1 837
342 1 567
107 1 624
426 1 342
406 12 55
325 13 567
648 1 798
460 7 298
27 1 765
682 1 919
650 1 572
342 1 800
342 1 486
641 52 205
650 1 567
482 5 299
123 1 572
725 87 855
699 1 312
60 7 298
648 1 929
501 15 874
55 12 703
816 7 52
2 1 280
93 8 274
509 1 925
342 1 132
160 1 701
308 5 509
567 5 584
312 1 800
748 47 817
925 1 648
845 24 473
107 1 707
626 1 409
683 4 683
660 35 143
2 1 272
21 4 21
716 1 503
935 5 749
443 1 822
277 24 473
941 1 89
811 10 887
439 1 218
623 4 89
161 1 624
779 1 707
248 1 701
470 12 763
572 1 723
509 5 22
941 1 339
853 22 167
160 1 908
7 1 436
658 1 732
2 1 282
253 28 661
160 1 133
864 4 461
334 1 829
337 1 78
334 1 929
440 12 240
111 4 111
749 1 272
899 35 225
538 1 707
596 1 224
195 4 567
139 56 198
61 34 661
239 1 822
682 5 739
648 1 282
390 5 299
6 4 6
22 1 272
937 1 829
594 4 520
443 1 941
51 1 2
409 1 682
941 5 748
308 1 790
860 48 749
248 1 567
583 30 860
565 1 321
572 1 650
863 1 707
487 4 443
682 1 115
925 1 626
614 15 206
583 1 748
648 1 786
443 1 337
733 31 496
648 5 107
524 1 941
421 1 239
631 1 92
84 52 205
601 1 92
804 77 420
533 0 139
292 1 509
56 1 342
222 52 205
835 1 829
560 1 342
321 1 626
248 1 648
53 10 762
682 1 349
578 29 631
28 1 218
749 7 52
426 1 567
925 1 509
755 1 863
22 1 699
839 101 660
337 1 648
538 1 854
339 1 337
725 10 762
13 7 679
596 1 624
699 1 829
648 1 284
308 1 565
443 1 596
748 1 797
648 1 739
448 1 509
128 4 648
919 1 272
572 1 448
332 12 458
403 1 583
786 1 321
272 1 624
783 4 239
820 5 218
421 34 661
700 1 443
586 1 334
49 1 153
925 1 49
308 1 941
567 11 195
739 1 723
572 1 586
658 1 748
465 21 661
239 1 509
636 1 436
228 1 342
822 1 239
89 1 153
500 1 461
567 1 349
111 1 682
183 1 567
749 11 524
126 1 567
763 12 55
342 1 192
822 1 624
343 5 490
403 1 436
751 10 887
387 13 800
118 1 648
822 1 78
572 1 769
675 1 937
567 1 161
49 7 370
863 1 567
681 47 847
748 1 153
806 1 342
202 29 272
723 4 723
509 1 748
78 1 723
409 1 919
123 1 682
929 1 565
699 1 409
321 1 565
112 5 345
929 1 187
739 1 342
342 1 89
334 1 192
820 1 342
449 5 755
827 4 827
89 1 524
682 1 803
160 11 703
308 1 28
803 5 2
443 1 701
919 1 937
308 1 49
312 1 107
631 88 348
55 12 545
919 1 224
867 10 762
161 1 272
190 38 356
161 5 3
230 17 257
78 5 572
699 1 92
443 1 524
699 1 583
313 1 342
105 34 285
779 4 779
78 1 701
509 1 78
732 1 682
443 1 334
755 19 749
403 1 658
443 1 790
28 1 27
583 1 436
829 1 624
308 1 239
156 1 567
915 13 239
453 1 937
34 1 342
848 12 240
78 1 624
658 1 342
500 1 929
92 1 699
443 1 321
848 4 92
716 1 204
786 5 453
879 5 51
707 1 339
786 1 524
553 67 543
132 1 342
183 7 52
790 1 937
658 5 509
567 1 21
567 1 300
683 5 421
443 1 313
308 5 321
749 11 321
154 25 298
89 1 409
233 10 762
302 13 239
883 12 541
631 41 794
292 5 443
90 42 503
572 1 475
837 1 321
369 0 94
154 25 370
53 22 545
675 1 165
797 1 153
679 35 748
280 1 524
648 11 874
522 1 436
192 5 682
648 1 248
321 1 497
626 1 104
475 1 648
886 5 503
349 7 370
245 5 700
327 9 648
207 14 55
854 1 49
22 1 443
321 1 165
192 1 312
78 1 854
648 1 71
682 5 572
55 12 527
520 1 658
59 10 887
644 4 644
829 1 403
78 1 92
396 1 403
491 1 567
284 1 565
699 1 586
280 5 755
51 1 239
626 1 699
567 41 807
848 12 865
765 1 565
707 1 497
699 1 272
682 1 126
409 1 92
304 7 52
545 12 167
192 1 567
790 1 272
707 24 715
174 87 855
427 1 748
483 12 288
644 5 187
264 4 443
749 1 34
153 4 153
752 0 555
239 1 224
193 7 298
126 1 475
864 4 107
854 1 461
26 4 26
470 12 541
280 1 779
583 11 193
795 29 679
230 14 503
36 12 517
829 1 321
707 1 831
924 86 382
701 1 699
765 1 755
71 1 436
161 5 912
853 28 685
763 4 409
239 88 302
567 1 618
682 1 723
73 4 648
453 1 342
800 5 941
829 1 644
583 1 929
312 1 790
126 1 648
748 1 596
648 1 925
290 12 470
854 1 732
937 1 716
272 1 6
806 5 749
426 1 732
624 1 829
153 1 769
693 5 601
308 1 682
312 1 448
648 1 26
310 15 167
935 10 887
192 1 929
707 1 284
342 1 908
253 10 762
567 1 228
204 1 22
89 1 2
486 1 403
648 1 321
288 50 555
829 1 822
700 5 245
475 1 89
458 12 883
246 4 631
500 1 723
500 1 538
822 1 443
567 1 748
749 1 453
339 1 626
500 5 567
765 1 701
360 10 887
596 1 648
156 1 732
682 4 682
2 1 89
2 1 699
631 1 567
898 4 409
115 7 261
682 1 71
443 1 636
387 10 762
312 1 786
160 1 509
26 1 749
937 57 77
34 1 699
360 12 55
641 2 777
2 1 929
396 1 321
443 1 218
312 1 565
779 1 937
349 1 769
395 10 762
342 1 115
454 67 227
393 1 699
936 1 919
312 1 192
572 1 280
449 1 567
648 5 160
92 5 239
567 11 640
874 12 470
803 1 443
272 1 161
170 58 777
153 1 427
3 1 937
648 1 27
78 1 349
497 1 699
682 1 334
189 5 793
457 4 239
833 17 257
205 66 122
919 1 567
321 1 280
596 5 461
648 1 829
567 1 426
869 5 640
78 1 272
55 10 887
342 1 292
481 29 567
732 1 256
213 5 229
937 1 572
699 1 156
644 1 699
342 1 316
500 1 409
596 5 716
857 34 661
409 1 586
280 1 636
308 47 327
578 60 285
370 24 198
682 1 89
267 7 370
500 1 2
443 1 434
929 1 49
284 1 409
586 5 929
682 1 2
919 1 204
755 1 596
7 1 567
92 5 779
803 1 342
153 1 748
500 1 854
720 1 748
272 1 160
572 1 665
923 35 899
648 1 78
539 0 495
175 4 280
755 1 648
682 1 717
790 24 715
92 1 6
348 10 762
919 1 586
403 1 524
648 1 803
537 10 762
710 4 409
920 12 206
543 12 763
692 67 826
844 11 873
449 4 449
714 1 272
443 1 224
449 34 285
272 1 739
937 1 797
104 1 6
601 5 693
508 10 100
153 11 519
160 1 720
403 1 339
842 10 762
184 4 239
509 1 272
272 1 92
748 1 626
342 1 3
60 1 426
51 1 682
583 5 292
129 22 315
301 14 937
701 1 765
78 1 403
854 1 27
572 1 267
648 1 790
829 1 308
34 1 130
937 1 71
427 1 648
835 1 567
716 1 863
805 7 370
409 1 800
567 1 693
396 1 596
822 1 403
89 1 500
567 1 461
572 1 929
284 1 755
520 7 298
675 1 92
3 1 675
443 1 89
716 1 699
806 1 409
218 7 298
786 1 567
500 1 682
602 56 606
790 1 78
292 5 583
89 1 675
860 26 193
483 12 874
426 1 308
312 1 716
123 1 648
403 1 829
919 1 936
582 1 342
409 1 280
829 1 92
239 1 786
500 1 453
104 1 937
342 1 601
883 10 887
648 1 658
491 5 321
218 5 820
879 7 370
337 1 342
716 1 308
929 5 829
160 1 769
116 27 757
2 24 370
780 12 874
78 1 732
7 1 342
781 38 303
443 1 806
648 1 800
123 4 123
443 1 118
717 1 675
807 13 567
609 28 285
820 4 820
565 1 596
935 102 906
854 1 650
650 1 829
193 4 583
606 20 602
395 13 239
946 10 887
160 1 453
855 25 298
300 1 3
899 35 149
224 1 683
683 5 879
92 1 308
831 5 919
929 1 631
851 7 298
720 5 118
929 1 699
863 1 403
937 1 624
701 1 567
92 1 409
409 1 707
631 5 820
892 12 477
52 24 198
197 22 55
475 1 239
895 13 49
458 12 332
60 1 280
449 1 583
38 8 366
156 1 409
160 1 34
153 1 941
596 1 396
403 1 153
483 10 887
60 1 648
245 1 92
748 1 461
409 1 89
160 1 312
399 10 762
699 4 699
22 4 22
308 1 491
919 1 3
342 24 715
682 1 596
160 1 707
925 5 567
115 1 682
160 1 334
321 1 427
776 10 762
272 1 461
87 26 656
321 1 755
204 4 204
126 1 682
596 1 919
443 1 6
531 101 276
475 1 586
461 1 675
126 1 436
786 5 797
288 4 443
12 31 923
546 12 477
69 4 648
334 1 284
748 1 583
937 57 285
854 11 883
658 1 280
682 1 409
206 10 887
409 1 731
339 1 941
822 1 929
686 4 567
342 1 626
731 1 284
929 1 434
703 12 55
342 1 665
707 1 658
648 1 520
312 1 937
854 1 631
863 7 298
567 5 500
936 1 658
585 10 762
60 1 312
342 1 731
78 1 248
707 1 224
27 1 153
626 1 731
520 1 272
908 5 41
648 1 797
439 1 436
337 1 854
156 1 572
920 10 887
567 5 827
443 1 682
308 1 636
520 1 426
648 1 700
639 7 261
863 1 280
582 1 567
414 4 414
410 10 762
498 13 409
648 1 665
749 11 583
280 1 161
2 1 586
864 4 941
658 1 699
586 30 586
699 1 78
584 4 584
497 1 707
165 1 675
707 5 786
443 1 453
49 1 436
567 1 292
2 1 300
490 4 292
501 10 762
59 4 567
648 1 427
407 4 292
596 1 937
475 1 280
313 1 567
75 4 567
92 1 267
396 1 78
935 57 673
707 1 596
342 1 104
165 7 298
240 10 887
919 1 797
739 5 572
333 0 197
300 1 89
1 103 176
390 5 844
407 42 189
919 5 831
308 1 443
78 1 443
26 1 739
910 28 661
160 1 448
520 1 280
920 4 308
400 10 574
312 1 723
567 1 524
280 53 677
417 43 269
509 5 699
427 1 929
51 5 267
860 4 583
631 1 239
723 1 284
644 1 919
399 36 117
28 1 567
919 1 699
854 1 218
187 1 78
88 87 154
218 1 567
267 1 648
245 1 342
826 48 569
497 1 443
688 14 543
153 1 224
935 5 280
27 1 60
931 1 596
707 1 443
682 5 284
748 5 941
925 5 104
665 1 500
596 1 567
648 1 699
797 1 509
321 1 403
941 1 280
682 1 583
634 10 887
248 4 248
337 1 272
308 1 583
535 100 226
697 10 706
769 7 52
929 1 919
787 0 369
312 1 701
538 1 449
49 1 427
378 27 463
868 21 673
491 1 160
160 1 427
929 1 312
831 1 34
600 31 923
342 1 393
364 9 107
49 1 342
674 104 293
500 1 434
644 1 239
22 7 715
631 1 929
92 1 520
342 1 49
800 1 567
92 1 78
568 4 567
409 1 822
707 1 192
92 5 749
298 1 436
837 1 342
524 1 755
69 12 920
665 1 78
4 76 554
280 1 797
567 1 586
939 10 762
403 1 929
312 1 71
763 12 527
334 7 715
160 1 820
222 16 122
908 4 908
648 5 631
925 1 436
352 2 777
364 9 443
748 1 800
520 1 929
280 1 716
256 1 308
2 1 409
919 1 256
436 1 682
461 1 748
3 1 89
586 5 436
204 5 596
256 1 500
36 10 887
769 1 500
848 42 13
829 1 749
800 1 436
443 1 153
312 1 631
631 1 699
837 5 936
178 35 52
545 10 887
288 12 66
339 1 403
436 1 500
682 1 165
301 13 800
99 33 239
480 63 462
49 5 520
679 50 817
755 1 337
224 1 919
89 1 342
699 1 936
213 30 816
699 1 28
631 34 864
719 6 341
160 1 165
354 4 280
115 1 567
153 50 817
764 11 615
941 1 682
874 12 541
797 1 239
833 6 341
302 28 661
2 1 349
331 67 590
403 1 161
427 7 679
409 1 631
366 8 884
443 1 491
160 1 130
426 1 49
723 1 586
49 1 699
55 12 634
34 1 596
165 1 567
648 1 837
937 1 790
158 21 685
755 1 153
937 1 682
112 7 298
941 1 565
7 1 312
596 1 22
453 1 749
748 1 648
500 1 308
332 12 860
749 1 797
204 1 829
509 1 28
805 1 342
682 1 224
601 1 748
650 1 854
748 7 679
837 1 509
239 1 639
475 1 567
486 1 863
618 7 261
931 1 500
393 1 342
146 10 762
682 1 524
224 1 567
482 5 390
826 7 298
160 5 648
284 1 280
500 1 524
144 3 750
204 1 800
509 1 280
236 21 661
26 5 682
707 1 204
409 1 342
572 1 701
427 5 665
486 5 749
567 1 749
304 11 751
204 1 436
863 1 716
158 22 240
682 5 192
71 1 675
500 1 256
567 1 22
321 1 624
410 22 290
698 10 887
567 1 897
7 4 7
567 24 52
239 1 248
115 4 115
675 1 461
153 1 334
308 1 409
342 1 156
791 15 167
797 1 658
675 1 650
49 1 78
829 1 153
941 1 596
716 1 648
272 5 648
396 1 701
929 1 624
248 1 342
147 67 167
478 10 887
427 1 153
596 1 339
805 1 682
755 1 403
658 1 239
910 15 167
409 1 931
606 20 181
797 1 749
716 1 342
624 1 941
822 5 786
500 1 790
256 1 321
626 1 321
72 22 167
576 30 353
703 12 332
92 1 280
675 1 929
321 1 829
628 5 927
769 1 925
883 12 874
491 1 790
624 1 675
835 4 835
929 1 126
682 5 396
567 1 644
572 1 334
682 1 567
272 1 731
41 1 92
843 13 409
55 7 298
46 56 277
80 4 567
716 7 298
464 4 107
126 1 929
443 1 658
239 7 370
937 1 436
929 1 596
7 1 218
49 5 582
448 1 342
583 11 345
118 1 567
897 1 239
769 1 436
538 1 427
403 1 160
886 7 298
403 1 919
854 1 786
89 7 715
475 1 675
792 0 139
144 0 579
822 24 715
334 1 699
272 1 403
192 1 596
176 34 285
434 1 342
916 7 52
22 5 509
602 38 198
749 30 860
396 5 439
567 1 337
500 1 239
837 1 409
559 12 751
701 1 92
937 1 714
919 1 342
242 7 679
228 34 661
345 34 285
256 1 682
522 1 342
321 1 786
78 1 321
944 13 567
851 4 280
765 1 443
120 1 92
283 10 762
256 1 436
811 12 541
342 1 723
829 1 78
22 1 321
224 1 443
854 5 863
908 1 500
565 1 937
565 1 749
527 12 543
702 45 685
443 1 204
707 1 565
572 1 92
586 10 887
470 12 543
342 1 897
800 1 104
311 13 567
463 54 255
555 42 459
531 77 943
879 34 661
699 1 248
334 1 723
169 35 899
153 1 165
567 1 156
797 1 648
350 4 239
854 1 486
284 1 165
272 1 675
500 1 292
829 1 334
280 1 929
272 1 929
71 1 78
650 1 586
765 1 749
699 24 715
429 86 198
931 1 49
854 1 160
583 1 682
280 1 132
827 47 847
279 42 390
567 1 787
936 1 342
55 12 406
409 1 732
238 13 312
333 12 483
342 1 118
468 10 762
120 4 120
937 1 779
682 5 936
854 1 342
160 4 160
758 1 567
786 1 648
919 1 650
51 5 683
596 5 491
639 1 937
699 1 426
626 1 931
786 1 675
448 1 312
266 46 945
228 5 443
427 5 931
183 47 847
403 1 239
567 1 414
643 7 298
916 1 682
675 1 342
27 5 524
396 5 648
280 1 107
92 1 800
720 1 443
2 5 497
92 1 682
626 1 49
65 17 785
640 5 869
292 1 701
416 87 154
500 1 45
342 1 313
567 1 107
755 1 707
749 7 715
699 1 130
691 42 482
755 1 284
364 9 218
566 4 89
636 1 239
596 1 936
70 10 762
34 1 912
49 1 716
723 1 572
499 12 519
45 1 648
220 2 72
837 1 919
612 7 715
312 1 165
466 12 857
871 21 661
165 1 682
682 1 626
161 1 312
470 12 353
636 1 443
41 1 342
449 5 565
790 5 248
749 1 436
3 1 7
173 4 409
321 1 699
440 12 860
829 1 204
335 10 480
670 4 239
803 5 497
342 1 639
312 1 538
723 1 648
612 1 342
2 5 803
27 4 27
922 13 239
624 1 92
369 0 606
123 1 443
483 12 333
208 21 578
477 10 887
583 1 312
937 1 931
624 1 403
342 1 443
929 5 436
720 1 567
596 1 409
596 1 925
107 5 631
648 1 863
349 1 682
937 1 107
877 7 715
567 1 624
111 1 92
248 7 715
452 13 567
403 1 22
312 1 78
624 1 342
765 1 312
707 1 500
874 12 240
364 86 298
582 1 280
49 1 500
794 13 631
820 47 364
658 1 312
491 1 342
699 1 396
538 1 153
272 1 334
130 4 130
755 5 280
624 1 636
688 13 567
143 33 239
707 1 925
586 1 2
160 1 805
272 1 749
769 4 769
500 1 153
755 0 38
929 1 280
682 1 300
89 1 443
749 1 500
929 1 192
78 1 699
603 4 567
475 1 500
650 1 89
214 4 280
572 1 7
854 1 403
453 5 786
859 61 382
931 1 272
436 1 644
699 1 636
648 1 334
107 1 403
648 1 7
78 1 7
485 10 887
153 1 538
391 14 470
688 10 762
486 1 648
749 1 160
683 34 661
658 1 749
342 1 717
749 11 409
567 1 758
624 5 224
567 1 720
822 1 342
288 12 36
682 5 837
333 0 14
89 1 937
272 1 748
576 5 153
78 4 78
520 4 520
213 5 195
500 1 707
496 35 678
612 1 78
707 1 272
787 7 52
342 1 491
272 1 239
342 1 321
443 1 427
797 1 699
811 4 107
500 1 272
436 1 204
239 1 475
798 1 937
308 34 77
565 34 285
749 1 929
790 1 284
526 17 257
27 1 500
765 1 648
339 5 300
874 12 296
327 10 495
582 7 298
49 1 596
797 1 937
280 1 937
700 5 717
439 5 837
914 4 648
902 16 122
282 5 941
699 1 797
908 1 937
443 1 522
527 12 874
624 1 509
565 1 567
499 105 378
541 12 874
443 5 583
10 5 229
115 47 847
737 10 762
650 5 648
291 29 567
658 1 396
565 1 509
648 1 308
342 1 806
82 76 861
647 7 298
758 7 261
505 15 167
165 1 224
631 1 748
864 4 409
764 7 298
337 1 572
644 1 937
765 1 567
41 1 78
49 1 308
393 1 572
153 1 41
282 1 937
565 1 308
448 7 715
732 1 426
682 1 707
432 50 14
342 1 596
617 29 153
844 4 292
204 1 337
435 12 55
107 1 937
92 11 13
720 24 178
133 4 133
4 4 567
107 4 107
22 1 396
60 19 749
486 5 491
786 1 448
931 1 648
639 1 626
92 4 92
808 13 567
292 30 206
749 5 765
585 13 567
595 31 564
434 47 817
682 1 683
160 1 349
937 1 224
500 1 693
86 4 239
854 1 520
218 19 749
925 1 443
336 47 847
731 1 682
567 11 10
307 4 631
105 10 887
545 4 443
300 5 497
658 1 797
919 1 723
506 10 887
427 1 755
319 15 167
437 12 226
92 1 272
648 1 300
497 5 803
755 1 107
453 1 500
321 1 161
624 1 280
2 1 443
330 4 538
751 12 559
22 1 436
272 1 132
224 1 475
567 1 434
937 1 538
160 1 941
160 1 935
452 14 543
85 11 484
658 1 565
749 11 292
308 5 749
567 1 312
224 1 321
461 1 658
28 5 648
436 1 714
7 1 919
596 1 931
934 10 928
719 106 530
192 1 648
436 1 192
665 1 648
282 1 342
78 1 820
854 1 2
749 11 631
437 12 435
115 1 342
835 1 682
919 1 500
937 1 707
2 1 500
791 13 239
280 1 854
51 1 583
194 10 887
567 1 342
500 1 448
160 1 631
272 1 475
682 1 434
443 1 27
153 1 572
822 1 280
914 7 715
941 1 749
499 5 459
906 10 887
187 1 567
656 26 87
214 7 298
245 1 648
766 78 512
583 1 321
396 7 298
295 4 89
497 1 321
931 1 626
692 10 762
563 12 332
860 12 811
527 4 682
748 1 931
679 35 800
509 1 409
316 1 567
545 12 888
658 5 22
161 24 370
458 4 863
409 1 439
426 1 648
572 1 393
92 1 312
820 1 28
448 1 34
92 1 89
318 29 272
854 1 648
854 1 439
155 4 500
937 1 720
436 1 567
321 1 107
820 1 854
683 1 443
797 1 448
92 1 829
857 4 565
436 1 820
242 1 567
682 1 931
107 1 567
925 1 682
868 67 866
272 1 829
929 24 715
334 4 334
843 67 763
648 1 500
723 1 239
786 1 596
22 1 596
38 8 374
443 1 45
26 1 596
443 1 919
524 1 312
631 50 307
820 1 153
153 1 27
694 13 567
544 13 239
827 7 261
814 107 660
153 1 624
321 1 475
631 5 403
45 1 937
342 1 584
60 1 449
292 1 403
204 5 631
755 1 500
520 1 312
800 1 239
903 3 137
937 1 586
707 1 644
572 1 403
509 1 292
829 1 187
78 1 153
396 1 699
299 5 189
129 10 762
256 1 699
693 5 118
624 1 700
236 60 319
929 1 648
522 1 567
342 1 803
282 1 748
154 38 855
337 1 937
586 1 475
403 5 648
312 1 272
162 29 409
308 1 292
565 1 204
403 1 790
321 1 224
530 10 762
458 4 854
448 4 448
239 1 636
153 1 89
239 1 879
415 4 409
284 1 779
78 1 567
196 4 567
500 1 436
648 5 403
2 1 596
806 7 298
78 1 675
239 5 565
540 42 288
321 1 204
829 1 436
624 5 28
239 71 175
280 4 280
648 1 720
648 1 448
308 1 631
160 1 683
116 13 800
253 15 167
455 29 409
908 1 443
755 5 27
280 1 732
579 108 507
312 1 524
883 12 763
312 1 160
707 1 292
160 1 522
436 1 26
893 7 298
204 1 716
364 9 631
26 5 572
443 1 486
723 7 715
342 1 755
648 1 854
658 1 153
829 1 509
256 34 661
153 1 749
491 1 312
509 1 624
334 1 475
622 81 826
280 1 520
287 16 122
879 1 567
436 1 461
150 10 762
930 4 280
49 1 280
280 19 749
723 1 699
541 12 55
153 5 567
6 7 52
204 1 153
439 1 699
675 1 51
572 1 239
312 1 675
567 1 421
562 0 579
509 1 396
129 60 433
790 1 500
224 1 732
224 11 470
596 1 2
937 1 342
239 88 544
700 34 661
145 10 762
339 1 682
403 5 701
941 5 282
683 1 321
829 1 192
461 1 272
321 1 693
160 1 239
192 5 572
65 17 54
300 5 803
396 1 22
682 1 631
342 1 78
409 1 6
342 1 936
308 1 78
165 1 280
271 29 239
34 1 509
243 62 528
509 1 321
126 1 284
104 1 648
104 1 769
583 34 285
216 13 800
3 1 403
779 1 284
912 34 661
158 22 906
787 1 567
937 1 2
596 1 49
624 1 931
160 1 111
153 1 831
565 1 436
700 1 624
284 1 443
857 10 887
60 5 538
749 1 153
107 1 312
192 1 342
534 10 762
491 1 524
567 1 837
567 1 786
714 7 261
937 1 500
562 0 602
711 10 762
631 1 321
520 1 937
321 1 509
527 12 240
60 1 854
248 5 396
679 35 45
196 52 205
92 1 538
92 1 120
543 12 527
403 1 707
448 1 78
693 1 28
635 0 611
342 1 765
699 1 822
22 5 160
833 21 685
755 1 937
732 1 153
284 1 337
27 5 749
664 4 153
211 65 711
308 4 308
375 42 466
406 7 715
342 1 183
739 1 596
648 1 586
520 1 682
51 1 648
364 10 495
71 1 342
583 1 280
3 1 280
156 1 596
312 1 292
89 1 748
450 10 762
567 5 272
586 1 648
803 1 675
524 1 800
300 5 71
499 12 13
865 12 751
937 1 426
624 1 436
147 10 762
749 1 937
699 1 612
806 1 648
572 1 349
624 1 461
864 4 204
769 1 104
700 1 153
567 1 822
931 1 779
107 1 342
0 10 921
342 1 312
644 1 342
110 10 762
160 1 218
280 5 935
239 1 797
85 7 298
786 1 682
272 1 312
522 1 648
540 4 443
929 1 256
458 12 194
312 1 239
567 1 256
22 1 409
648 1 822
167 4 239
176 7 298
798 4 798
843 10 762
650 1 675
742 10 762
389 109 255
538 1 699
443 1 624
888 12 545
448 11 466
104 1 409
919 1 308
239 7 298
648 1 60
396 1 509
406 10 887
748 1 565
396 7 715
727 110 191
470 10 887
925 5 414
929 1 34
567 1 267
308 1 156
723 5 192
112 5 193
520 1 567
224 1 239
891 10 762
941 1 624
427 1 538
443 1 120
160 1 337
49 1 443
3 1 312
313 4 313
572 1 187
520 47 817
835 1 239
273 68 746
500 1 931
339 1 567
2 1 78
34 1 280
567 5 626
626 1 714
409 1 308
352 16 122
153 1 436
21 1 126
409 1 854
800 1 701
829 1 618
607 4 292
707 1 749
879 5 339
312 1 863
49 1 800
538 5 749
682 1 78
491 1 272
699 1 292
205 76 554
92 1 631
192 5 78
937 1 204
486 5 716
107 5 648
648 1 937
342 1 714
439 1 342
720 1 572
644 1 436
572 1 153
49 1 929
473 35 510
310 10 762
361 7 298
2 1 92
829 4 829
118 4 118
78 1 682
433 28 285
841 110 231
517 42 85
239 1 334
920 7 298
409 1 321
403 1 475
672 84 746
18 13 239
699 1 626
71 1 443
375 12 167
88 10 762
267 5 683
572 1 284
137 33 409
256 1 707
192 1 436
339 1 648
699 1 22
284 1 436
342 5 829
22 1 204
453 1 78
426 1 520
699 1 941
912 1 829
308 1 204
811 12 874
682 1 436
624 50 364
292 1 280
867 67 826
443 5 631
309 58 945
919 1 596
567 1 936
226 12 826
543 12 360
631 1 596
239 1 929
658 1 786
308 1 648
503 30 763
409 1 806
224 1 524
848 12 527
879 1 443
292 1 854
308 1 650
937 1 272
648 1 936
679 5 52
626 1 92
601 1 648
452 14 195
342 1 41
596 1 701
937 1 26
92 47 817
820 19 749
448 1 443
648 1 337
920 12 346
555 4 565
854 1 500
707 1 586
703 12 920
337 1 919
929 1 427
572 1 339
239 1 937
421 1 567
308 1 572
332 12 811
233 15 55
925 1 769
567 1 339
343 5 189
505 10 762
626 1 282
73 42 874
201 4 282
925 1 321
482 4 292
403 1 92
153 1 683
2 1 342
497 7 370
284 5 675
555 4 449
586 1 919
584 1 937
755 1 321
572 1 436
490 5 343
624 1 500
436 1 919
820 5 701
790 5 509
308 1 800
576 5 165
699 1 342
78 1 800
665 1 443
181 56 606
936 5 439
580 7 298
491 1 409
409 1 448
879 1 239
546 42 490
567 1 765
427 1 342
172 38 247
27 1 937
403 1 624
524 1 308
854 5 308
626 1 925
699 1 280
500 1 282
855 25 715
51 1 443
644 7 715
586 1 650
6 1 409
748 1 183
334 1 572
919 1 7
500 1 626
439 1 854
280 1 92
88 13 239
224 1 403
665 1 153
156 1 500
636 24 370
448 1 699
292 1 648
569 5 938
732 5 707
509 1 565
409 1 748
78 1 461
256 1 448
292 1 586
461 1 854
831 1 786
777 14 763
21 1 567
267 1 682
586 1 699
321 1 936
292 1 491
92 1 707
682 1 228
755 5 449
286 4 239
327 9 204
748 1 707
65 6 341
860 7 298
854 5 204
453 7 715
443 1 475
51 7 370
238 21 661
436 5 929
852 4 239
509 5 308
717 7 370
929 5 937
239 7 261
78 1 453
443 1 78
208 13 631
6 1 342
500 5 120
545 12 763
699 1 239
779 1 49
409 1 436
120 1 567
469 10 762
409 1 153
66 12 483
321 1 937
707 1 626
937 1 349
409 1 929
798 1 342
750 3 136
864 4 765
800 1 748
79 24 125
763 12 545
403 1 256
27 7 298
457 42 826
696 13 567
22 1 682
360 7 370
120 5 500
78 1 665
342 1 28
827 1 937
565 1 7
919 5 822
937 1 822
330 4 631
443 1 723
854 19 749
475 1 436
800 1 596
639 1 342
937 1 699
316 4 316
346 12 563
443 1 448
224 1 436
436 1 292
198 71 573
727 10 762
292 1 682
315 50 555
583 1 567
490 30 546
800 1 443
349 5 717
71 1 312
567 1 71
659 25 847
229 5 519
272 1 723
49 1 925
315 4 239
919 1 682
682 1 321
308 1 929
312 1 820
342 1 565
595 111 595
565 1 929
409 1 49
749 5 486
572 1 720
631 1 78
280 1 272
925 1 312
337 5 682
567 1 6
618 47 847
51 5 897
660 35 225
89 1 941
409 1 565
618 1 758
596 1 256
567 1 699
27 1 854
308 1 312
936 1 699
61 4 565
888 12 763
230 10 762
941 1 699
89 1 272
292 1 342
701 1 800
308 1 829
538 50 330
187 1 436
844 7 298
786 1 89
308 1 699
241 29 409
146 13 409
3 1 256
448 1 130
929 1 443
262 26 542
786 1 342
742 17 257
443 1 308
321 1 443
416 87 855
443 1 700
280 1 449
509 5 658
941 1 520
92 1 41
436 1 769
682 1 925
715 5 370
128 10 887
78 1 790
148 28 661
312 1 436
500 1 78
26 1 937
162 68 746
63 15 239
500 1 337
596 1 78
854 1 524
509 1 7
524 1 786
342 1 280
765 1 27
92 5 427
382 4 409
555 4 239
675 1 805
191 13 800
111 34 661
329 10 762
631 1 461
78 1 3
794 10 762
272 1 409
49 1 648
811 12 920
854 1 658
160 1 187
648 5 675
170 16 122
903 38 47
41 1 567
240 12 590
337 5 644
800 1 500
518 4 239
749 11 443
658 1 586
800 1 699
406 12 763
434 1 567
572 1 248
509 1 626
28 1 165
786 1 749
863 30 458
300 1 937
260 29 500
434 1 6
590 12 920
514 24 473
206 12 920
321 1 596
494 42 86
491 1 648
436 1 937
154 25 715
829 1 650
92 1 683
707 1 107
565 1 312
148 15 167
682 1 245
524 5 749
475 1 153
748 1 500
292 1 748
239 1 560
919 5 130
530 106 442
707 1 426
693 4 693
224 1 204
532 42 826
396 1 436
337 1 403
779 1 567
727 13 565
675 5 648
524 1 829
703 10 887
626 4 626
26 1 436
239 5 132
682 1 34
224 7 298
682 5 187
925 5 45
443 5 312
396 5 682
749 1 78
941 1 403
409 1 500
800 1 342
342 1 925
707 1 538
183 1 800
29 44 633
280 1 538
749 34 285
449 1 749
612 1 699
699 1 475
737 67 826
342 1 919
403 1 937
364 9 624
55 12 332
731 4 731
748 1 658
119 9 153
313 5 912
161 4 161
342 1 560
53 13 567
524 1 509
92 5 282
449 1 538
500 1 565
403 1 755
436 1 2
538 1 701
707 1 800
310 44 633
580 10 887
187 5 682
17 29 567
71 1 567
183 5 720
107 1 682
626 1 509
526 15 816
524 1 403
572 5 699
198 35 52
486 1 280
543 41 182
867 13 239
748 1 925
272 1 78
567 1 658
403 1 2
308 1 426
639 1 648
342 1 699
421 1 675
596 1 748
491 1 443
650 4 650
321 1 800
701 1 27
126 1 78
527 12 860
682 1 916
596 1 34
524 1 682
313 1 707
342 1 427
409 1 104
454 13 443
800 1 755
321 1 765
929 1 342
234 4 648
920 7 715
239 7 178
491 4 491
919 1 443
400 4 538
409 1 204
309 68 746
626 1 500
567 1 538
443 1 497
239 1 403
524 1 342
624 1 107
604 33 409
748 1 720
848 10 887
648 1 45
491 7 298
78 1 749
218 1 321
572 1 583
648 1 461
937 1 153
648 1 34
622 100 670
545 12 55
749 11 49
509 1 929
321 1 500
572 1 822
133 1 682
636 1 308
793 5 299
107 7 298
929 1 308
920 12 458
864 4 153
567 1 224
703 12 811
272 1 426
60 1 701
426 7 298
826 12 226
937 1 115
190 3 303
409 1 130
929 1 321
491 1 403
303 3 781
36 7 298
161 1 153
218 1 7
831 4 831
443 1 256
565 1 748
409 19 749
267 5 3
34 1 822
160 1 280
218 1 854
520 1 153
26 71 573
477 7 298
228 5 239
7 1 682
829 1 682
915 22 866
643 4 409
436 1 636
912 4 912
906 12 167
290 12 527
337 1 925
749 1 829
160 1 421
461 1 443
749 5 491
929 5 835
52 35 153
538 1 500
292 1 312
500 1 339
111 1 342
683 1 342
644 1 312
572 1 321
727 13 800
299 5 482
644 1 682
321 1 28
436 1 78
204 1 27
49 1 779
427 5 92
443 1 560
811 12 703
272 1 49
72 28 661
820 1 436
292 1 567
292 1 272
586 1 707
626 1 337
935 4 935
87 58 498
707 1 941
284 1 509
286 7 298
409 1 491
500 7 52
41 1 925
153 1 682
6 1 45
312 1 49
937 1 755
342 1 701
89 1 854
463 112 20
913 4 239
788 0 631
308 1 396
160 1 284
308 1 256
937 57 685
739 7 715
648 1 2
670 34 661
362 4 631
675 1 436
555 4 755
3 1 497
339 1 2
204 1 707
436 1 284
443 1 854
732 1 312
896 10 762
509 1 701
10 24 213
28 47 364
854 1 280
342 1 693
475 1 49
403 1 89
305 73 567
477 4 631
90 4 409
112 30 860
929 1 284
629 4 863
453 1 699
596 1 797
590 10 887
790 1 312
628 4 567
624 1 321
688 22 290
567 1 717
732 1 156
204 47 327
239 1 312
7 1 929
531 77 143
449 7 298
520 1 78
85 5 490
901 12 437
524 5 27
615 10 887
596 1 280
853 10 762
28 5 224
811 12 860
584 1 342
941 5 92
193 30 860
321 1 396
567 1 130
334 1 272
567 1 60
840 29 239
160 5 308
571 0 20
648 1 755
2 1 937
567 1 280
284 1 396
936 1 567
312 1 567
245 34 661
475 1 929
414 1 567
282 1 2
749 11 204
176 10 887
596 1 130
156 1 342
682 1 805
160 1 45
937 1 409
28 5 624
596 1 732
436 1 612
684 7 715
937 1 6
248 1 78
288 12 527
641 16 122
639 1 160
448 5 612
596 1 755
386 10 762
118 1 92
777 10 762
218 1 28
386 13 800
292 1 929
648 1 931
748 1 538
586 1 78
286 4 565
897 1 567
683 1 153
461 1 312
292 1 699
820 1 937
2 1 941
732 1 648
626 1 316
864 4 239
941 1 929
567 1 486
245 4 245
500 1 583
837 5 396
3 1 436
929 5 586
922 10 762
270 4 239
360 12 167
119 9 224
179 10 762
56 7 52
27 1 28
78 1 829
312 1 461
342 1 586
699 1 497
427 5 693
374 8 884
436 5 334
225 33 624
648 1 342
342 1 739
701 5 403
835 5 929
567 1 601
504 24 368
312 1 929
342 1 461
787 1 342
242 5 925
929 1 520
565 1 941
631 1 409
739 1 648
339 1 500
280 1 707
541 4 631
693 1 321
130 1 648
51 1 342
682 1 800
3 1 321
682 1 339
624 4 624
700 1 567
453 1 448
699 1 919
578 60 673
78 1 187
321 5 854
118 1 500
416 22 545
104 7 52
538 1 321
426 1 707
185 4 280
596 1 612
218 1 312
272 1 26
919 1 321
675 5 284
524 1 89
631 5 107
85 4 292
409 1 60
545 12 194
755 1 312
342 1 120
461 1 567
342 1 6
833 22 322
302 67 167
682 1 443
321 1 272
854 1 89
682 1 7
22 1 78
682 1 624
160 1 78
43 13 239
204 1 658
910 10 762
500 1 27
800 5 931
461 1 342
707 1 701
682 1 644
701 1 436
28 1 509
28 7 298
204 1 567
793 5 844
47 33 239
333 10 887
165 1 28
937 1 732
620 13 49
837 7 715
280 1 153
931 7 679
349 1 567
343 5 299
658 1 648
572 4 572
2 1 28
578 113 541
473 35 845
596 1 790
312 5 443
937 5 475
204 1 897
560 34 661
304 5 927
682 1 560
675 1 624
187 1 342
863 5 491
500 1 342
558 0 102
500 1 941
314 4 280
27 1 204
898 5 503
919 1 393
2 1 321
161 1 403
854 5 321
329 21 673
678 24 496
500 1 443
49 1 312
572 1 337
925 5 239
409 1 937
931 1 941
436 1 396
7 1 509
500 1 321
414 5 925
912 1 34
723 1 937
567 11 336
78 5 192
749 11 60
815 42 213
701 1 22
175 4 239
717 5 245
929 1 71
22 1 500
941 1 443
854 7 298
929 1 7
280 5 27
321 1 461
920 12 360
448 1 3
443 1 461
21 47 847
675 1 475
71 24 370
596 1 572
403 1 749
675 1 71
107 1 280
919 5 612
282 1 682
436 1 256
239 5 280
153 1 797
769 1 937
919 1 929
786 1 272
675 1 89
292 11 299
644 1 707
572 1 829
784 13 800
626 1 7
63 10 762
919 1 837
239 1 701
280 1 308
272 1 925
941 1 648
443 1 675
653 21 661
929 1 931
92 1 626
436 1 925
567 1 393
945 4 567
71 1 682
748 1 624
631 1 854
443 1 282
173 86 382
829 1 280
466 12 920
707 1 636
572 1 790
288 12 483
334 1 153
749 5 224
538 1 92
448 1 256
272 1 596
834 4 27
828 10 887
308 1 2
572 1 800
89 4 89
486 1 567
745 29 272
160 1 639
256 5 123
118 1 443
342 1 522
7 1 699
870 10 762
224 1 790
133 7 52
774 31 645
794 21 864
153 1 308
342 1 130
866 4 239
280 1 284
153 1 648
539 5 844
248 5 509
322 4 280
818 4 282
342 1 683
929 1 292
329 17 549
624 1 682
624 1 161
749 1 941
721 4 937
105 7 298
69 50 14
60 1 443
49 1 931
448 1 790
626 5 567
509 1 439
522 1 682
212 56 606
567 1 239
393 1 682
822 5 156
89 1 648
777 13 567
572 5 26
524 1 919
285 114 749
108 13 443
89 1 732
760 4 631
658 1 92
346 4 280
312 1 161
596 1 475
244 4 567
732 1 567
675 1 717
491 1 682
248 1 699
485 4 631
280 71 175
205 10 921
165 1 443
509 1 936
867 22 167
682 1 879
427 1 78
699 1 567
586 1 658
575 4 239
59 7 52
409 1 22
153 1 631
421 1 342
428 0 159
749 1 576
89 30 360
514 56 606
699 1 2
699 1 337
308 7 298
755 1 308
204 5 403
189 30 340
224 1 707
443 1 111
78 1 312
308 1 500
648 1 732
567 1 45
925 1 153
864 4 820
224 1 342
308 1 153
596 1 284
748 1 89
484 4 292
192 5 723
572 1 631
469 28 661
919 5 453
572 24 715
716 4 716
509 1 596
403 1 596
929 1 78
28 1 820
440 42 519
342 1 396
60 1 567
313 1 443
919 1 153
572 1 71
89 1 161
22 1 631
931 1 342
312 1 403
342 1 2
436 1 34
791 28 661
765 7 298
123 1 78
321 1 312
786 1 239
682 1 153
475 1 403
558 0 741
682 1 312
682 1 658
912 1 567
749 7 298
572 1 779
411 10 536
390 7 298
49 1 475
299 5 390
682 1 104
312 1 644
583 1 308
565 1 409
153 1 49
439 1 596
822 1 797
892 10 887
829 1 267
703 7 298
156 5 822
292 1 436
520 1 342
535 51 864
107 1 321
475 1 312
126 1 937
342 1 242
790 1 491
573 24 198
707 1 92
771 29 567
531 101 430
321 19 749
224 5 312
154 25 648
179 13 567
601 1 567
572 1 509
337 1 650
701 1 626
27 1 567
691 4 292
696 10 762
299 5 343
358 21 661
78 1 342
934 24 473
240 12 826
675 1 829
403 1 822
937 1 27
648 1 626
443 1 26
897 34 661
153 1 280
321 1 49
509 1 522
565 1 284
877 4 648
321 1 256
936 1 648
300 1 567
34 1 682
732 19 749
337 1 586
919 1 572
934 56 606
6 1 434
486 1 272
78 1 284
156 1 648
92 1 567
829 1 572
28 1 701
409 1 2
451 13 567
10 4 567
416 28 285
527 12 545
239 1 126
308 1 716
500 1 160
409 1 567
281 7 52
443 1 161
597 4 239
342 1 51
797 4 797
333 4 648
545 12 920
749 1 682
707 1 693
919 1 755
321 1 925
820 1 321
78 1 2
475 7 261
874 12 346
749 11 239
403 1 820
601 1 443
583 1 153
509 1 448
541 12 883
787 4 787
298 5 370
941 1 831
49 1 321
679 35 931
218 1 403
475 1 624
749 11 107
188 10 887
586 1 567
888 12 874
538 1 567
339 1 443
154 25 847
606 20 934
527 48 342
800 1 308
820 7 298
910 60 922
590 12 811
749 11 538
701 1 342
165 5 576
682 1 49
153 1 92
699 5 509
345 4 583
829 1 443
596 1 500
443 1 800
829 1 648
901 10 887
732 34 77
929 1 800
436 1 443
312 1 342
500 1 92
292 1 308
699 1 321
500 1 572
92 1 937
498 67 763
153 1 342
779 1 280
436 1 89
871 15 857
682 1 854
519 34 661
773 10 887
937 1 520
427 1 937
914 12 437
567 1 321
427 5 925
349 4 349
679 35 779
342 1 426
60 1 342
191 27 727
927 4 567
651 4 282
937 1 648
342 1 520
800 1 769
779 7 679
707 1 567
707 1 863
822 1 749
822 1 596
20 31 923
755 1 572
806 5 280
596 1 321
321 5 863
644 1 596
929 1 755
156 1 448
800 1 682
342 1 707
683 5 300
284 1 929
78 1 26
749 5 806
682 1 256
912 5 161
187 7 715
464 12 877
524 1 321
331 60 451
436 1 187
797 1 342
443 1 739
300 1 682
204 1 239
346 12 865
711 13 567
583 1 403
500 1 829
567 1 104
648 5 820
443 1 426
524 5 596
844 5 390
693 7 52
731 1 567
590 12 240
906 4 280
586 1 682
284 1 937
120 7 52
66 12 288
539 7 298
682 1 749
648 1 491
497 1 937
197 10 762
820 5 648
